species_name,sample 1,sample 2,core_diff,core_len,core_len_4D,core_len_1D,core_diff_4D,core_diff_1D,recomb_len_4D,recomb_len_1D,recomb_diff_4D,recomb_diff_1D,clonal_len_4D,clonal_len_1D,clonal_diff_4D,clonal_diff_1D,clonal_n,clonal_m,clonal_nn,recomb_n,recomb_m,recomb_nn,clonal_mut_n,clonal_mut_m,clonal_mut_nn,recomb_mut_n,recomb_mut_m,recomb_mut_nn
Alistipes_putredinis_61533,700013715,700015250,1525,1433236,245630,929864,613,397,25160,95056,587,289,220470,834808,26,108,96096,2402175,6153,10857,273720,591,2,105,1,0,287,2
Alistipes_putredinis_61533,700013715,700015415,2354,1417836,242910,919633,941,596,46049,173290,903,434,196861,746343,38,162,86204,2147377,5448,19765,498869,1236,2,160,0,0,432,2
Alistipes_putredinis_61533,700013715,700021261,2688,1428757,244835,926908,1080,642,35980,136250,1053,500,208855,790658,27,142,91146,2274912,5916,15512,392428,810,0,140,2,1,495,4
Alistipes_putredinis_61533,700013715,700023919,2300,1428833,244934,926929,919,520,33938,127319,884,408,210996,799610,35,112,92160,2300760,5910,14429,366709,819,2,110,0,0,406,2
Alistipes_putredinis_61533,700013715,700024318,2430,1426926,244574,925753,973,592,38074,143965,930,434,206500,781788,43,158,90119,2249539,5706,16424,414457,1014,1,157,0,2,430,2
Alistipes_putredinis_61533,700013715,700032133,2719,1427135,244624,925909,1075,716,41341,154903,1041,548,203283,771006,34,168,88863,2218509,5646,17660,446011,1038,2,166,0,1,545,2
Alistipes_putredinis_61533,700013715,700033797,2834,1413003,241803,916687,1128,684,41167,156815,1087,528,200636,759872,41,156,87720,2186388,5508,18000,451395,1050,2,154,0,1,525,2
Alistipes_putredinis_61533,700013715,700034622,2507,1429375,244996,927322,993,626,40366,152081,957,469,204630,775241,36,157,89384,2230648,5691,17278,437939,1026,3,154,0,0,467,2
Alistipes_putredinis_61533,700013715,700037008,2715,1428549,244848,926767,1071,671,42494,160489,1029,515,202354,766278,42,156,88200,2205045,5589,18406,461939,1122,5,151,0,1,512,2
Alistipes_putredinis_61533,700013715,700037357,3181,1423604,244033,923614,1282,763,41185,155909,1237,597,202848,767705,45,166,88316,2209165,5634,17931,448731,1065,3,162,1,1,593,3
Alistipes_putredinis_61533,700013715,700037632,3396,1406920,240539,912652,1379,820,47529,180835,1345,636,193010,731817,34,184,84535,2105507,5409,20847,520434,1224,2,182,0,1,630,5
Alistipes_putredinis_61533,700013715,700037738,2796,1407138,240425,912796,1113,681,37968,143446,1062,509,202457,769350,51,172,88979,2213404,5667,16457,412918,963,2,169,1,2,504,3
Alistipes_putredinis_61533,700013715,700037852,2329,1409977,241334,914576,957,539,29003,109244,916,428,212331,805332,41,111,92994,2317053,5949,12555,314508,669,2,109,0,2,424,2
Alistipes_putredinis_61533,700013715,700037916,2613,1427275,244634,925959,1039,687,41268,155227,997,531,203366,770732,42,156,88919,2217619,5658,17617,447020,1044,2,154,0,1,527,3
Alistipes_putredinis_61533,700013715,700095524,1975,1427089,244620,925791,816,471,29500,110485,785,344,215120,815306,31,127,93965,2345896,6057,12540,318231,684,1,125,1,0,343,1
Alistipes_putredinis_61533,700013715,700110812,1994,1339986,227081,868934,790,447,31020,118541,754,339,196061,750393,36,108,87462,2157966,5751,13854,341052,717,1,106,1,1,336,2
Alistipes_putredinis_61533,700013715,700111223,3092,1426479,244439,925511,1238,753,45116,168871,1205,640,199323,756640,33,113,87359,2176936,5625,19078,486473,1062,1,112,0,4,633,3
Alistipes_putredinis_61533,700013715,700116668,2219,1432440,245596,929348,878,533,31945,120000,828,397,213651,809348,50,136,93060,2328987,5997,13776,345480,744,2,133,1,0,395,2
Alistipes_putredinis_61533,700013715,700117303,3597,1421931,243644,922477,1434,871,50094,189024,1391,700,193550,733453,43,171,84574,2110367,5418,21633,544215,1224,2,169,0,2,695,3
Alistipes_putredinis_61533,700013715,700117766,2519,1432261,245568,929243,1032,574,38780,146492,993,457,206788,782751,39,117,90066,2252424,5763,16771,421727,978,1,115,1,1,454,2
Alistipes_putredinis_61533,700013715,700122408,2237,1427808,244729,926318,895,573,37829,143175,859,435,206900,783143,36,138,90290,2253403,5736,16278,412311,936,4,134,0,2,431,2
Alistipes_putredinis_61533,700013715,700124429,2896,1425718,244300,924944,1157,652,40193,151491,1118,526,204107,773453,39,126,89000,2225572,5787,17440,436112,921,3,122,1,1,524,1
Alistipes_putredinis_61533,700013715,700124561,2227,1430079,245087,927751,866,557,29657,112250,824,415,215430,815501,42,142,93855,2346600,6048,12871,323216,663,1,140,1,1,412,2
Alistipes_putredinis_61533,700013715,700161342,2318,1429322,244975,927339,927,527,28112,105663,889,389,216863,821676,38,138,94561,2364437,6030,12095,304231,663,3,133,2,0,387,2
Alistipes_putredinis_61533,700013715,ERR911954,2372,1433806,245845,930208,952,561,34079,128349,900,453,211766,801859,52,108,92284,2307410,5883,14668,369512,867,1,106,1,1,450,2
Alistipes_putredinis_61533,700013715,ERR911956,2628,1432583,245564,929421,1059,641,39139,149188,1037,541,206425,780233,22,100,89641,2245259,5799,17233,429413,918,1,99,0,3,535,3
Alistipes_putredinis_61533,700013715,ERR911960,2502,1430048,245148,927772,1002,624,40361,152612,973,473,204787,775160,29,151,89282,2230483,5715,17398,439445,993,2,149,0,0,471,2
Alistipes_putredinis_61533,700013715,ERR911963,2711,1430254,245195,927909,1100,670,41817,157948,1063,503,203378,769961,37,167,88786,2215517,5580,17952,454779,1113,3,164,0,0,501,2
Alistipes_putredinis_61533,700013715,ERR911966,2167,1418899,243255,920564,871,534,34488,131208,844,413,208767,789356,27,121,90809,2271406,5853,15060,377751,813,2,118,1,1,408,4
Alistipes_putredinis_61533,700013715,ERR911970,2866,1425692,244371,924951,1115,692,31938,119315,1094,539,212433,805636,21,153,92833,2318147,5928,13619,343561,765,0,153,0,2,535,2
Alistipes_putredinis_61533,700013715,ERR911988,2358,1429489,244994,927435,937,603,36395,137317,892,458,208599,790118,45,145,91053,2273523,5778,15612,395412,927,2,143,0,0,455,3
Alistipes_putredinis_61533,700013715,ERR911995,717,1428962,244891,927083,289,187,7917,30057,286,152,236974,897026,3,35,103191,2581365,6522,3428,86545,198,1,34,0,0,152,0
Alistipes_putredinis_61533,700013715,ERR911999,1611,1433951,245788,930345,629,412,22490,84384,602,317,223298,845961,27,95,97449,2434185,6249,9584,243064,504,2,93,0,0,315,2
Alistipes_putredinis_61533,700013715,ERR912000,1545,1434563,245911,930705,594,424,21542,80981,567,327,224369,849724,27,97,97883,2445058,6231,9136,233288,519,2,95,0,0,325,2
Alistipes_putredinis_61533,700013715,ERR912007,2335,1416769,242755,919073,935,563,31131,116617,908,453,211624,802456,27,110,92357,2309095,5916,13336,335756,759,2,108,0,2,449,2
Alistipes_putredinis_61533,700013715,ERR912009,2905,1425848,244517,925009,1183,707,40316,151817,1134,581,204201,773192,49,126,88973,2224936,5667,17474,436936,1041,2,124,0,2,576,3
Alistipes_putredinis_61533,700013715,ERR912013,2164,1433550,245702,930071,812,617,26659,100303,761,423,219043,829768,51,194,95529,2387625,6150,11477,288829,603,2,191,1,1,420,2
Alistipes_putredinis_61533,700013715,ERR912033,1574,1433809,245779,930190,631,400,20803,77952,606,293,224976,852238,25,107,98182,2452259,6273,8794,224597,465,1,105,1,1,290,2
Alistipes_putredinis_61533,700013715,ERR912041,2953,1413275,242094,916836,1188,743,45828,173006,1150,583,196266,743830,38,160,85569,2140515,5406,19918,497843,1257,4,156,0,0,581,2
Alistipes_putredinis_61533,700013715,ERR912048,1272,1428239,244772,926519,508,328,17903,67325,482,239,226869,859194,26,89,98946,2472354,6282,7598,193948,429,2,87,0,0,237,2
Alistipes_putredinis_61533,700013715,ERR912063,2805,1431088,245260,928482,1126,693,43759,165430,1085,552,201501,763052,41,141,87915,2195700,5541,18887,476233,1170,1,139,1,0,550,2
Alistipes_putredinis_61533,700013715,ERR912064,2579,1428121,244788,926480,1038,623,39447,148485,1005,502,205341,777995,33,121,89708,2238550,5727,16879,427580,996,2,119,0,1,499,2
Alistipes_putredinis_61533,700013715,ERR912071,2569,1432777,245605,929564,1002,677,38931,146801,965,506,206674,782763,37,171,90071,2252539,5679,16864,422510,1029,3,168,0,2,502,2
Alistipes_putredinis_61533,700013715,ERR912072,1834,1434300,245853,930559,734,452,23446,88048,696,325,222407,842511,38,127,96936,2424402,6195,10093,253532,519,2,124,1,1,322,2
Alistipes_putredinis_61533,700013715,ERR912086,2394,1431948,245463,929028,946,619,37290,140663,914,471,208173,788365,32,148,90812,2268511,5772,16051,404993,945,3,145,0,0,469,2
Alistipes_putredinis_61533,700013715,ERR912096,2753,1431936,245473,929033,1089,654,28962,109291,1034,495,216511,819742,55,159,94396,2358794,6036,12455,314737,681,3,155,1,3,490,2
Alistipes_putredinis_61533,700013715,ERR912100,1355,1436651,246250,932070,547,329,22552,84575,525,237,223698,847495,22,92,97612,2438699,6174,9566,243580,579,1,91,0,0,234,3
Alistipes_putredinis_61533,700013715,ERR912103,1423,1434584,245892,930736,558,380,18768,70849,524,278,227124,859887,34,102,98979,2474430,6252,8083,203993,471,1,101,0,0,275,3
Alistipes_putredinis_61533,700013715,ERR912111,2188,1432169,245468,929141,868,559,31350,118765,841,441,214118,810376,27,118,93326,2331793,6009,13557,341991,747,1,117,0,2,437,2
Alistipes_putredinis_61533,700013715,ERR912124,2020,1434253,245887,930519,818,462,30027,113131,791,370,215860,817388,27,92,94092,2352036,6036,12887,325798,708,1,90,1,1,367,2
Alistipes_putredinis_61533,700013715,ERR912144,2945,1429021,244949,927111,1175,718,48221,181547,1136,563,196728,745564,39,155,86031,2145132,5529,20609,522850,1182,3,152,0,3,558,2
Alistipes_putredinis_61533,700013715,ERR912152,2828,1428505,244920,926797,1110,732,41113,155667,1069,528,203807,771130,41,204,88740,2218989,5661,17892,448062,1047,3,201,0,0,525,3
Alistipes_putredinis_61533,700013715,ERR912159,2788,1427921,244777,926391,1099,756,44348,166591,1065,565,200429,759800,34,191,87596,2186254,5550,18968,479653,1152,2,189,0,1,561,3
Alistipes_putredinis_61533,700013715,ERR912175,2928,1429114,245007,927180,1171,762,45512,171996,1125,605,199495,755184,46,157,87036,2172999,5517,19611,495192,1185,4,153,0,0,601,4
Alistipes_putredinis_61533,700013715,SRR413582,2549,1404351,239955,911096,1009,626,40735,154445,955,464,199220,756651,54,162,87496,2176910,5547,17760,444498,1077,3,159,0,2,458,4
Alistipes_putredinis_61533,700013715,SRR413603,1948,1424719,244020,924264,784,436,30505,115353,745,335,213515,808911,39,101,93220,2327525,5988,13173,332163,723,2,98,1,1,332,2
Alistipes_putredinis_61533,700013715,SRR413629,1875,1435611,246096,931400,763,415,30145,113856,741,334,215951,817544,22,81,94138,2352479,6015,12961,327884,723,1,80,0,0,332,2
Alistipes_putredinis_61533,700013715,SRR413653,2202,1433796,245798,930208,890,500,33775,127001,845,386,212023,803207,45,114,92465,2311270,5886,14525,365662,816,3,110,1,0,384,2
Alistipes_putredinis_61533,700013715,mickey3-11-30-0_,2575,1427931,244696,926365,1046,648,43234,163942,1023,520,201462,762423,23,128,87929,2193742,5598,18697,472028,1101,1,127,0,1,516,3
Alistipes_putredinis_61533,700014386,700023788,2579,1385658,237425,898969,1019,615,41139,156458,980,450,196286,742511,39,165,85486,2136827,5220,18013,450347,1014,3,162,0,2,447,1
Alistipes_putredinis_61533,700014386,700024086,2864,1388186,237973,900682,1151,701,33562,127277,1102,483,204411,773405,49,218,88967,2225848,5400,14568,366414,849,3,215,0,1,481,1
Alistipes_putredinis_61533,700014386,700035157,2708,1388980,238256,901297,1091,611,35341,133955,1065,459,202915,767342,26,152,88287,2208327,5412,15233,385795,837,2,150,0,0,458,1
Alistipes_putredinis_61533,700014386,700037967,2605,1392221,238755,903310,1095,588,27560,104085,1055,424,211195,799225,40,164,91875,2300223,5577,11898,299673,684,2,162,0,1,422,1
Alistipes_putredinis_61533,700014386,700038761,2177,1377313,235585,893448,853,552,25424,96649,817,394,210161,796799,36,158,92053,2292767,5577,11037,278253,657,3,155,0,1,391,2
Alistipes_putredinis_61533,700014386,700097688,3009,1386824,237732,899817,1249,680,39727,150508,1213,521,198005,749309,36,159,86236,2156474,5217,17218,433337,969,4,155,0,3,516,2
Alistipes_putredinis_61533,700014386,700121919,2696,1398074,239730,907192,1079,677,32161,121497,1029,498,207569,785695,50,179,90442,2261102,5541,13759,350018,714,3,175,1,4,493,1
Alistipes_putredinis_61533,700014386,ERR911957,2516,1395200,239327,905303,1022,574,31737,120659,985,410,207590,784644,37,164,90354,2258073,5505,13679,347539,759,1,163,0,0,409,1
Alistipes_putredinis_61533,700014386,ERR911976,2522,1399363,240069,907984,1009,593,39046,148401,976,441,201023,759583,33,152,87424,2186027,5298,16834,427388,981,2,150,0,0,440,1
Alistipes_putredinis_61533,700014386,ERR911977,2552,1400153,240199,908511,1032,592,39884,151449,991,428,200315,757062,41,164,87255,2178687,5244,17089,436220,1038,3,161,0,0,427,1
Alistipes_putredinis_61533,700014386,ERR911990,2779,1394432,239231,904785,1103,689,32827,124480,1061,482,206404,780305,42,207,89798,2245651,5466,14172,358494,774,4,202,1,0,481,1
Alistipes_putredinis_61533,700014386,ERR912170,2501,1399370,240030,907996,999,607,28753,108825,952,433,211277,799171,47,174,91869,2300052,5592,12413,313387,675,3,171,0,0,432,1
Alistipes_putredinis_61533,700014562,700024615,3479,1366764,233991,886655,1398,765,43916,167345,1362,654,190075,719310,36,111,82995,2069856,5079,19159,481799,1077,2,109,0,5,645,4
Alistipes_putredinis_61533,700014562,700113810,853,1382783,237121,897198,342,205,12212,46034,314,129,224909,851164,28,76,97726,2449820,5946,5451,132366,285,3,73,0,1,125,3
Alistipes_putredinis_61533,700014724,700037967,2793,1388608,237874,900859,1168,722,42116,159835,1133,574,195758,741024,35,148,85087,2132702,5283,18610,459866,1029,2,146,0,3,568,3
Alistipes_putredinis_61533,700014724,700038761,2570,1381202,236163,895980,988,699,42544,162847,948,553,193619,733133,40,146,84324,2109822,5253,19108,468356,1077,2,144,0,4,545,4
Alistipes_putredinis_61533,700014954,700024615,2449,1376977,235899,893326,1014,604,42090,160668,979,476,193809,732658,35,128,84235,2108504,5235,18559,462446,999,3,125,0,3,473,0
Alistipes_putredinis_61533,700015250,700015415,2222,1422275,243746,922560,855,615,39020,146727,820,476,204726,775833,35,139,89387,2232337,5775,16831,422405,945,0,137,2,2,471,3
Alistipes_putredinis_61533,700015250,700021261,1896,1435024,246152,931034,748,458,30575,115432,739,354,215577,815602,9,104,93788,2346925,6093,13178,332437,681,1,102,1,0,352,2
Alistipes_putredinis_61533,700015250,700023919,2032,1435597,246313,931409,792,496,28153,104948,771,381,218160,826461,21,115,95002,2378267,6114,11925,302256,663,2,112,1,0,381,0
Alistipes_putredinis_61533,700015250,700024318,2251,1432337,245618,929313,875,595,36412,138513,847,446,209206,790800,28,149,90985,2275595,5820,15862,398744,933,0,148,1,3,439,4
Alistipes_putredinis_61533,700015250,700032133,2721,1435240,246249,931263,1056,750,42239,158948,1032,600,204010,772315,24,150,88721,2222512,5712,18220,457601,1023,1,148,1,2,594,4
Alistipes_putredinis_61533,700015250,700033797,2891,1412259,241751,916243,1129,743,49269,187403,1099,599,192482,728840,30,144,84177,2096970,5373,21414,539586,1209,0,143,1,3,592,4
Alistipes_putredinis_61533,700015250,700034622,2331,1434500,246130,930726,890,645,37205,140861,862,497,208925,789865,28,148,90966,2272785,5844,15899,405778,906,0,147,1,3,490,4
Alistipes_putredinis_61533,700015250,700037008,2610,1433727,245981,930205,990,717,38904,147054,948,561,207077,783151,42,156,90044,2253634,5775,16775,423406,981,3,151,2,3,555,3
Alistipes_putredinis_61533,700015250,700037357,2910,1432227,245765,929282,1184,710,36132,136710,1153,564,209633,792572,31,146,91029,2280786,5901,15676,393599,855,4,140,2,0,563,1
Alistipes_putredinis_61533,700015250,700037632,2989,1410973,241239,915320,1173,770,41988,159925,1154,608,199251,755395,19,162,87188,2173351,5646,18441,460296,1038,2,159,1,1,604,3
Alistipes_putredinis_61533,700015250,700037738,2649,1405658,240150,911850,1039,678,39273,148748,1018,539,200877,763102,21,139,88295,2195305,5706,16998,428295,951,2,135,2,2,536,1
Alistipes_putredinis_61533,700015250,700037852,1961,1412811,241844,916418,792,469,24998,94674,766,389,216846,821744,26,80,94750,2364362,6120,10960,272537,525,2,77,1,2,387,0
Alistipes_putredinis_61533,700015250,700037916,2545,1435301,246245,931259,992,706,40478,153005,957,554,205767,778254,35,152,89587,2239403,5772,17363,440680,972,0,152,0,3,547,4
Alistipes_putredinis_61533,700015250,700095524,1374,1436349,246461,931881,576,334,19482,72944,564,251,226979,858937,12,83,98651,2471830,6330,8357,210013,462,1,81,1,0,251,0
Alistipes_putredinis_61533,700015250,700110812,1691,1340867,227173,869518,649,411,25427,96730,627,305,201746,772788,22,106,89992,2222459,5913,11384,278236,570,2,102,2,0,305,0
Alistipes_putredinis_61533,700015250,700111223,2923,1434473,246058,930786,1152,718,39653,149029,1124,593,206405,781757,28,125,89925,2249487,5859,16936,429281,870,0,125,0,3,588,2
Alistipes_putredinis_61533,700015250,700116668,1932,1440983,247304,934984,749,508,30497,113179,730,401,216807,821805,19,107,94309,2365007,6099,12991,325853,693,2,103,2,0,401,0
Alistipes_putredinis_61533,700015250,700117766,2262,1440549,247237,934700,914,549,32508,121921,890,417,214729,812779,24,132,93319,2339003,6015,13959,351021,783,2,128,2,0,417,0
Alistipes_putredinis_61533,700015250,700122408,2081,1435582,246270,931451,793,597,35339,134163,765,472,210931,797288,28,125,91739,2294221,5904,15237,386433,819,3,121,1,3,465,4
Alistipes_putredinis_61533,700015250,700124429,2658,1431949,245563,929081,1033,654,37264,140429,1014,513,208299,788652,19,141,90566,2269516,5874,16204,404210,873,3,136,2,1,511,1
Alistipes_putredinis_61533,700015250,700124561,1631,1436850,246479,932208,631,434,23132,87648,605,326,223347,844560,26,108,96838,2430647,6195,10240,252143,561,1,107,0,1,325,0
Alistipes_putredinis_61533,700015250,700161342,1982,1436642,246437,932158,765,489,25395,95428,757,368,221042,836730,8,121,96039,2407968,6183,11004,274713,567,3,115,3,0,368,0
Alistipes_putredinis_61533,700015250,ERR911954,2091,1440320,247197,934526,818,533,27282,101796,794,417,219915,832730,24,116,95582,2396473,6135,11699,293023,666,2,112,2,0,417,0
Alistipes_putredinis_61533,700015250,ERR911956,2107,1440128,247111,934396,824,549,27885,107091,809,431,219226,827305,15,118,94713,2381079,6123,12552,308076,645,1,116,1,3,427,1
Alistipes_putredinis_61533,700015250,ERR911960,2327,1436806,246546,932250,894,644,38311,145817,872,518,208235,786433,22,126,90389,2263063,5847,16619,419932,900,0,124,2,2,513,3
Alistipes_putredinis_61533,700015250,ERR911963,2588,1436912,246575,932323,1020,692,39811,150808,991,549,206764,781515,29,143,89929,2248877,5739,17137,434294,993,1,141,1,2,543,4
Alistipes_putredinis_61533,700015250,ERR911966,1857,1426253,244744,925415,714,506,26909,102005,686,373,217835,823410,28,133,94503,2369589,6138,11731,293708,576,2,129,2,1,370,2
Alistipes_putredinis_61533,700015250,ERR911970,2499,1432855,245834,929674,955,633,24974,93507,932,481,220860,836167,23,152,96049,2406251,6201,10758,269226,537,2,149,1,0,481,0
Alistipes_putredinis_61533,700015250,ERR911988,2167,1436408,246425,932012,823,619,35054,133126,788,486,211371,798886,35,133,91760,2298982,5916,15246,383304,828,0,131,2,2,480,4
Alistipes_putredinis_61533,700015250,ERR911995,1935,1433402,245894,930072,764,527,30362,115055,737,419,215532,815017,27,108,93798,2345217,6036,13025,331432,708,3,104,1,0,417,2
Alistipes_putredinis_61533,700015250,ERR911999,1154,1440776,247189,934852,429,332,13807,51133,414,238,233382,883719,15,94,101663,2542954,6540,5705,147436,258,2,91,1,0,238,0
Alistipes_putredinis_61533,700015250,ERR912000,1162,1441277,247297,935143,424,368,14410,53738,416,275,232887,881405,8,93,101275,2536484,6456,6078,154797,339,2,90,1,0,275,0
Alistipes_putredinis_61533,700015250,ERR912007,1976,1424704,244360,924318,773,509,22915,85493,758,405,221445,838825,15,104,96261,2414013,6201,9872,246079,528,3,100,1,1,404,0
Alistipes_putredinis_61533,700015250,ERR912009,2498,1433142,246003,929814,998,659,35947,136115,970,547,210056,793699,28,112,91062,2284179,5856,15751,391691,903,1,110,1,3,543,1
Alistipes_putredinis_61533,700015250,ERR912013,1748,1440948,247208,934971,610,561,23107,85821,582,390,224101,849150,28,171,97631,2443507,6312,9760,247217,486,1,168,2,2,388,0
Alistipes_putredinis_61533,700015250,ERR912033,1353,1440784,247202,934812,520,374,16511,61675,506,280,230691,873137,14,94,100322,2512648,6441,7001,177679,345,1,91,2,1,279,0
Alistipes_putredinis_61533,700015250,ERR912041,2749,1420086,243521,921350,1062,755,41477,157754,1026,608,202044,763596,36,147,87560,2197600,5628,18256,453926,1080,1,144,2,3,602,3
Alistipes_putredinis_61533,700015250,ERR912048,947,1436362,246403,931892,346,280,9924,37443,331,195,236479,894449,15,85,102705,2574084,6558,4293,107832,204,2,82,1,0,195,0
Alistipes_putredinis_61533,700015250,ERR912063,2618,1437647,246612,932836,1002,712,38911,147476,965,566,207701,785360,37,146,90274,2260058,5748,16856,424582,990,0,143,3,1,562,3
Alistipes_putredinis_61533,700015250,ERR912064,2471,1434586,246140,930763,963,644,38572,146630,935,518,207568,784133,28,126,90096,2256474,5829,16810,422147,933,0,124,2,3,512,3
Alistipes_putredinis_61533,700015250,ERR912071,2390,1438071,246759,933083,884,702,37051,140751,861,546,209708,792332,23,156,90962,2280208,5826,16187,405139,927,1,153,2,4,539,3
Alistipes_putredinis_61533,700015250,ERR912072,1553,1441088,247247,935056,600,422,18041,68062,579,297,229206,866994,21,125,99479,2495077,6426,7897,195953,336,2,121,2,1,296,0
Alistipes_putredinis_61533,700015250,ERR912085,3268,1433476,246013,930101,1283,814,47086,179684,1255,679,198927,750417,28,135,85908,2159754,5589,20845,517061,1146,2,133,0,5,671,3
Alistipes_putredinis_61533,700015250,ERR912086,2183,1438968,246913,933664,831,625,36478,138872,808,488,210435,794792,23,137,91256,2287246,5874,15948,399780,888,1,134,2,2,483,3
Alistipes_putredinis_61533,700015250,ERR912096,2398,1436691,246508,932204,903,639,24331,90953,876,485,222177,841251,27,154,96678,2420877,6198,10375,261914,570,3,149,2,3,482,0
Alistipes_putredinis_61533,700015250,ERR912100,1104,1443473,247660,936588,417,307,12555,47316,396,192,235105,889272,21,115,102081,2559228,6507,5438,136222,288,1,113,1,0,191,1
Alistipes_putredinis_61533,700015250,ERR912103,1210,1441201,247253,935118,432,379,13554,51415,416,270,233699,883703,16,109,101457,2543214,6438,5947,147965,333,0,108,1,1,268,1
Alistipes_putredinis_61533,700015250,ERR912111,1901,1438445,246787,933312,724,539,24042,90810,716,455,222745,842502,8,84,96856,2424419,6231,10329,261540,561,2,81,1,1,452,2
Alistipes_putredinis_61533,700015250,ERR912124,1681,1442149,247477,935742,655,414,23191,86801,636,309,224286,848941,19,105,97448,2443087,6288,9956,249940,507,2,101,2,0,309,0
Alistipes_putredinis_61533,700015250,ERR912144,2805,1436358,246429,931960,1072,763,45031,170845,1038,607,201398,761115,34,156,87555,2190102,5688,19465,492011,1059,4,150,2,2,602,3
Alistipes_putredinis_61533,700015250,ERR912152,2696,1435128,246291,931176,1029,755,41047,156539,997,582,205244,774637,32,173,89001,2229129,5781,17951,450700,966,2,168,3,1,578,3
Alistipes_putredinis_61533,700015250,ERR912159,2552,1434556,246147,930800,964,739,39708,149348,933,567,206439,781452,31,172,89998,2248592,5766,16884,430179,981,1,170,1,2,562,3
Alistipes_putredinis_61533,700015250,ERR912175,2813,1435388,246289,931359,1098,763,40020,151905,1057,615,206269,779454,41,148,89685,2242926,5751,17266,437465,984,2,144,2,2,610,3
Alistipes_putredinis_61533,700015250,SRR413582,2563,1407130,240515,912956,981,691,40192,152379,946,553,200323,760577,35,138,87872,2188216,5643,17493,438639,1005,1,137,0,4,542,7
Alistipes_putredinis_61533,700015250,SRR413603,1625,1429468,244928,927436,635,409,20132,75368,622,301,224796,852068,13,108,97991,2451937,6276,8636,216994,474,2,104,2,1,300,0
Alistipes_putredinis_61533,700015250,SRR413629,1540,1440636,247194,934737,607,384,22358,83341,597,294,224836,851396,10,90,97814,2450083,6291,9490,240035,498,1,88,1,0,294,0
Alistipes_putredinis_61533,700015250,SRR413653,1807,1438723,246871,933480,701,456,26480,98399,680,343,220391,835081,21,113,95951,2403178,6114,11240,283324,633,3,108,2,0,343,0
Alistipes_putredinis_61533,700015250,mickey3-11-30-0_,2400,1435124,246142,931118,939,684,35325,134939,909,552,210817,796179,30,132,91597,2291024,5916,15419,388564,834,0,130,2,2,546,4
Alistipes_putredinis_61533,700015415,700021261,2977,1416561,242742,918822,1161,777,49267,186456,1132,610,193475,732366,29,167,84448,2107187,5463,21392,536740,1236,1,163,3,0,605,5
Alistipes_putredinis_61533,700015415,700023919,2645,1420095,243404,921139,1021,680,42059,159403,983,507,201345,761736,38,173,87844,2191685,5679,18213,458958,1038,2,170,1,0,504,3
Alistipes_putredinis_61533,700015415,700024318,891,1422404,243784,922620,339,227,13372,50123,322,148,230412,872497,17,79,100425,2510733,6333,5830,144149,390,1,78,0,2,146,0
Alistipes_putredinis_61533,700015415,700032133,1111,1422970,243906,923031,449,267,13987,51419,434,165,229919,871612,15,102,100209,2508294,6333,6050,147847,360,1,101,0,0,165,0
Alistipes_putredinis_61533,700015415,700033797,1385,1405946,240611,911933,539,314,18142,68415,518,221,222469,843518,21,93,97400,2427052,6102,7800,196977,468,1,92,0,0,221,0
Alistipes_putredinis_61533,700015415,700034622,808,1424280,244127,923859,311,209,8790,33244,290,137,235337,890615,21,72,102495,2562870,6480,3845,95650,237,1,71,0,0,137,0
Alistipes_putredinis_61533,700015415,700037008,1152,1422757,243859,922840,447,302,16382,61631,433,218,227477,861209,14,84,99256,2478125,6246,6975,177435,483,4,80,0,0,218,0
Alistipes_putredinis_61533,700015415,700037852,2879,1399507,239572,907572,1149,701,50522,191321,1122,558,189050,716251,27,143,82915,2060573,5265,21903,550734,1326,1,142,0,3,551,4
Alistipes_putredinis_61533,700015415,700037916,881,1423732,244028,923488,363,204,8050,29820,342,122,235978,893668,21,82,102925,2571533,6546,3377,85921,162,0,82,0,1,120,1
Alistipes_putredinis_61533,700015415,700095524,2363,1418892,243198,920333,928,623,40343,151937,906,475,202855,768396,22,148,88610,2210863,5715,17365,437447,999,0,146,2,1,472,2
Alistipes_putredinis_61533,700015415,700098932,3089,1417128,242906,919235,1255,743,33532,125526,1238,610,209374,793709,17,133,91790,2283586,5751,14075,361669,834,2,131,0,3,603,4
Alistipes_putredinis_61533,700015415,700110812,2454,1330878,225550,862888,925,616,42090,160737,888,450,183460,702151,37,166,81742,2019335,5376,18909,462237,1065,2,163,1,0,446,4
Alistipes_putredinis_61533,700015415,700116668,2795,1421578,243701,922125,1076,726,42601,161478,1045,550,201100,760647,31,176,87433,2188886,5622,18710,464635,1089,1,174,1,1,545,4
Alistipes_putredinis_61533,700015415,700122408,650,1423642,244018,923441,239,182,10904,41045,231,120,233114,882396,8,62,101652,2539122,6414,4670,118198,267,5,57,0,1,119,0
Alistipes_putredinis_61533,700015415,700124561,2618,1419075,243187,920437,994,716,42079,159749,968,537,201108,760688,26,179,87529,2188961,5574,18484,459647,1116,1,176,2,1,533,3
Alistipes_putredinis_61533,700015415,700161342,2905,1418259,243057,919981,1125,718,41539,157431,1099,549,201518,762550,26,169,87846,2194191,5613,18077,453160,1056,1,166,2,2,543,4
Alistipes_putredinis_61533,700015415,ERR911954,3031,1421054,243632,921746,1182,775,46056,172734,1152,618,197576,749012,30,157,86284,2155229,5523,19835,497164,1203,1,154,2,1,614,3
Alistipes_putredinis_61533,700015415,ERR911956,3191,1420105,243414,921117,1238,823,54940,208646,1210,701,188474,712471,28,122,81790,2050313,5310,24245,600310,1383,1,120,1,3,694,4
Alistipes_putredinis_61533,700015415,ERR911960,799,1424321,244158,923872,300,205,10616,40302,291,148,233542,883570,9,57,101615,2542642,6453,4692,115953,261,0,57,0,0,148,0
Alistipes_putredinis_61533,700015415,ERR911963,1052,1424623,244234,924060,412,262,12953,48488,401,184,231281,875572,11,78,100885,2519522,6309,5488,139580,396,1,77,0,0,184,0
Alistipes_putredinis_61533,700015415,ERR911966,2162,1412476,242142,916237,793,617,31089,119143,761,463,211053,797094,32,154,91487,2294008,5787,13967,342589,873,3,150,1,0,458,5
Alistipes_putredinis_61533,700015415,ERR911970,3128,1415808,242664,918341,1172,822,42254,159806,1147,659,200410,758535,25,163,87524,2182543,5538,18257,460030,1131,1,162,0,1,654,4
Alistipes_putredinis_61533,700015415,ERR911988,627,1423938,244066,923633,236,174,7622,28651,219,109,236444,894982,17,65,102928,2575517,6501,3375,82371,207,0,65,0,0,108,1
Alistipes_putredinis_61533,700015415,ERR911995,2669,1415129,242519,917921,1071,692,47761,178870,1040,567,194758,739051,31,125,85569,2126118,5466,20133,515265,1212,3,122,0,0,565,2
Alistipes_putredinis_61533,700015415,ERR911996,2540,1418426,243093,920103,989,629,29850,114161,967,511,213243,805942,22,118,92635,2319350,5841,13267,328355,861,1,117,0,3,508,0
Alistipes_putredinis_61533,700015415,ERR911999,2222,1422239,243748,922537,848,592,35285,133722,802,418,208463,788815,46,174,90923,2269684,5838,15316,384959,891,1,172,1,1,414,3
Alistipes_putredinis_61533,700015415,ERR912000,2070,1422682,243845,922815,769,604,28463,108000,735,442,215382,814815,34,162,93828,2344626,5991,12413,310858,729,2,159,1,0,439,3
Alistipes_putredinis_61533,700015415,ERR912007,2966,1405360,240794,911481,1146,778,38979,147132,1121,607,201815,764349,25,171,87951,2199477,5619,16978,423380,1038,2,168,1,1,603,3
Alistipes_putredinis_61533,700015415,ERR912009,3203,1414955,242598,917729,1275,783,45815,174828,1244,629,196783,742901,31,154,85394,2137831,5478,20330,502930,1224,1,153,0,3,621,5
Alistipes_putredinis_61533,700015415,ERR912013,2675,1422762,243844,922850,1017,737,45709,172169,989,595,198135,750681,28,142,86636,2159860,5547,19623,495702,1182,1,140,1,2,589,4
Alistipes_putredinis_61533,700015415,ERR912026,2285,1422444,243827,922634,869,644,28986,108612,851,482,214841,814022,18,162,93783,2342325,5958,12429,312657,750,6,156,0,0,480,2
Alistipes_putredinis_61533,700015415,ERR912033,2217,1421931,243722,922314,864,595,33839,127413,838,439,209883,794901,26,156,91706,2287153,5844,14477,366892,870,1,154,1,1,435,3
Alistipes_putredinis_61533,700015415,ERR912041,1111,1407197,241042,912706,444,276,11600,43996,431,197,229442,868710,13,79,99948,2499852,6330,5144,126505,339,2,77,0,0,197,0
Alistipes_putredinis_61533,700015415,ERR912048,1900,1415589,242576,918125,715,537,29609,111951,687,387,212967,806174,28,150,92870,2319718,5934,12839,322261,753,1,148,1,0,384,3
Alistipes_putredinis_61533,700015415,ERR912062,1573,1424416,244159,923931,595,420,20193,76985,577,293,223966,846946,18,127,97434,2437188,6216,8947,221501,507,4,123,0,5,287,1
Alistipes_putredinis_61533,700015415,ERR912063,1256,1424138,244073,923760,477,327,15412,57787,460,239,228661,865973,17,88,99687,2491965,6267,6658,166265,438,1,86,1,0,239,0
Alistipes_putredinis_61533,700015415,ERR912064,954,1421924,243732,922272,382,214,11841,44511,370,151,231891,877761,12,63,100977,2525934,6372,5206,127982,345,0,63,0,1,150,0
Alistipes_putredinis_61533,700015415,ERR912071,925,1424727,244229,924123,333,260,10528,39594,318,188,233701,884529,15,72,101751,2545446,6390,4636,113819,327,1,71,0,2,186,0
Alistipes_putredinis_61533,700015415,ERR912072,2376,1423496,243986,923363,946,612,34750,131978,912,437,209236,791385,34,175,91071,2277261,5823,15233,379825,876,1,172,2,1,433,3
Alistipes_putredinis_61533,700015415,ERR912086,765,1425342,244330,924522,288,207,9334,35390,275,132,234996,889132,13,75,102309,2558598,6489,4115,101815,240,1,74,0,0,132,0
Alistipes_putredinis_61533,700015415,ERR912096,3160,1419142,243254,920541,1207,824,43857,167302,1177,640,199397,753239,30,184,86618,2167588,5511,19365,481347,1194,1,183,0,5,630,5
Alistipes_putredinis_61533,700015415,ERR912100,2011,1424152,244089,923765,772,554,32469,122409,736,381,211620,801356,36,173,92150,2306071,5847,14192,352156,879,1,171,1,0,377,4
Alistipes_putredinis_61533,700015415,ERR912103,2079,1423188,243931,923147,771,600,32488,123127,737,455,211443,800020,34,145,92120,2302102,5838,14189,354331,861,1,144,0,0,452,3
Alistipes_putredinis_61533,700015415,ERR912111,2865,1420883,243522,921630,1093,771,39675,151115,1061,626,203847,770515,32,145,88732,2217107,5706,17397,434934,1014,2,143,0,1,621,4
Alistipes_putredinis_61533,700015415,ERR912124,2631,1421605,243683,922128,1024,669,40186,151507,998,520,203497,770621,26,149,88705,2217476,5682,17433,436050,1038,1,147,1,1,515,4
Alistipes_putredinis_61533,700015415,ERR912144,1341,1422672,243867,922788,516,345,16323,61530,488,247,227544,861258,28,98,99091,2478416,6267,7137,177015,438,3,95,0,2,245,0
Alistipes_putredinis_61533,700015415,ERR912152,1314,1421448,243698,922007,496,364,12182,45966,464,230,231516,876041,32,134,100821,2520888,6414,5339,132265,294,2,132,0,1,228,1
Alistipes_putredinis_61533,700015415,ERR912159,1058,1422787,243895,922893,401,304,12265,45413,382,208,231630,877480,19,96,101089,2524988,6363,5146,130742,351,1,95,0,0,207,1
Alistipes_putredinis_61533,700015415,ERR912175,1379,1423021,243937,923035,553,352,16177,60852,526,229,227760,862183,27,123,99272,2481034,6243,6979,175118,459,2,120,1,0,228,1
Alistipes_putredinis_61533,700015415,SRR413582,1221,1398752,239056,907274,438,328,17235,64925,416,234,221821,842349,22,94,97380,2423520,6147,7485,186816,474,1,93,0,2,230,2
Alistipes_putredinis_61533,700015415,SRR413603,2561,1412379,241880,916079,994,642,42392,160132,969,493,199488,755947,25,149,87077,2175154,5610,18483,460842,1071,2,146,1,1,488,4
Alistipes_putredinis_61533,700015415,SRR413629,2484,1421308,243634,921916,968,623,35391,133889,935,474,208243,788027,33,149,90739,2267549,5793,15391,385355,921,1,147,1,0,471,3
Alistipes_putredinis_61533,700015415,SRR413653,2786,1419543,243339,920761,1082,704,39189,148580,1034,537,204150,772181,48,167,88846,2222036,5661,17177,427549,1014,3,163,1,0,533,4
Alistipes_putredinis_61533,700015415,mickey3-11-30-0_,1069,1421563,243604,922036,438,280,13373,50392,424,213,230231,871644,14,67,100468,2508104,6360,5747,145087,342,0,67,0,0,212,1
Alistipes_putredinis_61533,700016610,700121919,1687,1376788,235463,893256,636,424,25604,98183,590,305,209859,795073,46,119,91531,2288036,5652,11489,282445,615,4,114,1,3,299,3
Alistipes_putredinis_61533,700016716,700105940,2829,1417782,243431,919896,1129,675,30842,116939,1085,506,212589,802957,44,169,91964,2310946,5961,13540,336578,699,0,169,0,6,500,0
Alistipes_putredinis_61533,700016960,700109921,1010,1373363,234723,890963,428,214,18803,71360,403,141,215920,819603,25,73,94640,2358223,5946,8232,205431,417,0,73,0,1,140,0
Alistipes_putredinis_61533,700021261,700023919,2856,1430267,245339,927909,1125,674,40084,151162,1105,546,205255,776747,20,128,89299,2235116,5826,17279,435271,936,1,125,2,0,544,2
Alistipes_putredinis_61533,700021261,700034622,3033,1431743,245607,928921,1179,796,45157,171366,1154,632,200450,757555,25,164,87196,2179835,5634,19506,493497,1095,2,160,2,0,626,6
Alistipes_putredinis_61533,700021261,700037852,3123,1406483,240743,912259,1265,716,42086,159061,1251,605,198657,753198,14,111,87129,2166771,5694,18141,458100,942,0,109,2,3,600,2
Alistipes_putredinis_61533,700021261,700095524,1431,1432724,245763,929508,606,332,17685,66757,594,255,228078,862751,12,77,99140,2482747,6366,7649,192217,405,0,75,2,0,253,2
Alistipes_putredinis_61533,700021261,700110812,2513,1335055,226162,865689,978,563,38508,148970,954,446,187654,716719,24,117,83547,2061051,5559,17413,428579,918,0,116,1,1,443,2
Alistipes_putredinis_61533,700021261,700116668,2816,1433269,245923,929904,1104,678,39010,147891,1078,541,206913,782013,26,137,89640,2250486,5913,17136,425688,849,1,135,1,0,539,2
Alistipes_putredinis_61533,700021261,700117766,3124,1432987,245886,929728,1262,730,45685,173213,1248,596,200201,756515,14,134,86846,2177014,5685,19918,498638,1083,0,133,1,1,593,2
Alistipes_putredinis_61533,700021261,700122408,2891,1428608,245057,926866,1125,755,51535,195114,1106,603,193522,731752,19,152,84287,2105464,5505,22218,561924,1200,3,147,2,2,595,6
Alistipes_putredinis_61533,700021261,700124561,1652,1436280,246344,931841,660,424,23065,87953,644,327,223279,843888,16,97,96855,2428617,6192,10213,253085,561,0,96,1,1,324,2
Alistipes_putredinis_61533,700021261,700161342,2740,1430834,245421,928320,1079,637,34782,131988,1062,505,210639,796332,17,132,91485,2291592,5919,15150,380004,810,2,128,2,0,503,2
Alistipes_putredinis_61533,700021261,ERR911954,2991,1435251,246286,931143,1185,717,40728,153792,1175,617,205558,777351,10,100,89360,2236903,5790,17577,442812,987,0,99,1,1,614,2
Alistipes_putredinis_61533,700021261,ERR911956,3096,1434322,246079,930554,1221,778,45137,172316,1207,649,200942,758238,14,129,86964,2182086,5664,19905,495963,1080,0,127,2,3,643,3
Alistipes_putredinis_61533,700021261,ERR911960,3108,1431675,245636,928849,1221,799,48471,184141,1204,655,197165,744708,17,144,85633,2142932,5559,21039,530220,1164,1,141,2,0,649,6
Alistipes_putredinis_61533,700021261,ERR911966,2798,1422421,244039,922893,1086,712,38004,144937,1055,543,206035,777956,31,169,89351,2238643,5874,16646,417343,822,2,164,3,0,539,4
Alistipes_putredinis_61533,700021261,ERR911970,3436,1427332,244854,926027,1334,845,42300,159444,1318,689,202554,766583,16,156,88255,2205794,5700,18186,459132,1014,0,154,2,1,686,2
Alistipes_putredinis_61533,700021261,ERR911988,2997,1430983,245459,928428,1151,792,51588,194839,1131,637,193871,733589,20,155,84356,2110936,5475,22288,560984,1245,0,152,3,1,630,6
Alistipes_putredinis_61533,700021261,ERR911995,2992,1428273,244965,926687,1192,740,41138,155855,1166,602,203827,770832,26,138,88780,2217950,5766,17717,448894,954,1,135,2,1,597,4
Alistipes_putredinis_61533,700021261,ERR911999,2338,1435363,246214,931281,904,585,30773,116196,886,451,215441,815085,18,134,93743,2345407,6105,13275,334644,669,1,131,2,0,449,2
Alistipes_putredinis_61533,700021261,ERR912000,2264,1436237,246383,931800,863,601,27857,104866,848,465,218526,826934,15,136,95083,2379602,6117,11936,302008,654,1,133,2,0,463,2
Alistipes_putredinis_61533,700021261,ERR912007,3047,1419152,243356,920646,1197,759,40697,153133,1185,621,202659,767513,12,138,88343,2208514,5682,17429,440947,1023,1,135,2,2,617,2
Alistipes_putredinis_61533,700021261,ERR912013,2840,1435094,246154,931091,1055,785,33613,127370,1017,575,212541,803721,38,210,92392,2312687,6084,14618,366802,690,1,206,3,1,572,2
Alistipes_putredinis_61533,700021261,ERR912033,2501,1435263,246239,931150,983,623,37950,143431,975,504,208289,787719,8,119,90554,2266699,5904,16406,413026,861,0,116,3,1,501,2
Alistipes_putredinis_61533,700021261,ERR912048,2116,1430866,245407,928265,803,543,27546,104663,793,428,217861,823602,10,115,94652,2370022,6132,11989,301394,606,1,112,2,0,426,2
Alistipes_putredinis_61533,700021261,ERR912072,2593,1435535,246270,931373,1012,660,38383,145432,992,499,207887,785941,20,161,90263,2261659,5901,16744,418715,837,1,157,3,1,496,2
Alistipes_putredinis_61533,700021261,ERR912096,3109,1433646,245941,930153,1188,770,43732,165754,1170,620,202209,764399,18,150,87713,2199844,5640,19149,477009,1104,2,147,1,3,615,2
Alistipes_putredinis_61533,700021261,ERR912100,2278,1437644,246615,932733,885,562,30650,116338,864,419,215965,816395,21,143,93766,2349365,6054,13362,334935,717,0,141,2,0,416,3
Alistipes_putredinis_61533,700021261,ERR912103,2357,1435713,246271,931494,893,629,32750,124563,877,488,213521,806931,16,141,92616,2322219,5958,14421,358479,789,0,139,2,0,485,3
Alistipes_putredinis_61533,700021261,ERR912111,2977,1432885,245803,929627,1157,765,39478,149690,1149,646,206325,779937,8,119,89769,2244228,5814,17043,431073,954,1,116,2,1,641,4
Alistipes_putredinis_61533,700021261,ERR912124,2654,1436116,246386,931737,1042,617,37648,142909,1033,501,208738,788828,9,116,90613,2269964,5907,16389,411468,870,0,115,1,1,498,2
Alistipes_putredinis_61533,700021261,SRR413603,2560,1424171,243998,923926,1011,592,37960,144088,1004,474,206038,779838,7,118,89727,2243964,5823,16544,414811,909,1,116,1,1,471,2
Alistipes_putredinis_61533,700021261,SRR413629,2501,1437026,246517,932325,986,584,35570,134575,975,459,210947,797750,11,125,91694,2295643,5913,15387,387486,852,0,123,2,0,457,2
Alistipes_putredinis_61533,700021261,SRR413653,2732,1435038,246184,931023,1071,634,39860,150424,1060,520,206324,780599,11,114,89708,2246302,5787,17248,433088,936,1,112,1,1,517,2
Alistipes_putredinis_61533,700021261,mickey3-11-30-0_,3126,1429110,245080,927171,1227,814,48981,186763,1203,681,196099,740408,24,133,85177,2130488,5559,21436,537689,1164,1,130,2,0,676,5
Alistipes_putredinis_61533,700021295,700023578,3255,1337324,228336,867331,1261,813,34317,130412,1218,625,194019,736919,43,188,85287,2120094,5376,15051,375351,834,1,187,0,5,616,4
Alistipes_putredinis_61533,700021295,700024866,3143,1383776,237501,897902,1159,852,41152,155278,1117,651,196349,742624,42,201,85739,2136784,5349,17416,447440,978,0,201,0,4,643,4
Alistipes_putredinis_61533,700021295,700024998,3141,1364640,233503,885406,1153,846,36012,136496,1119,666,197491,748910,34,180,86737,2154644,5349,15439,393164,885,2,178,0,5,658,3
Alistipes_putredinis_61533,700021295,700034926,2570,1354141,231446,878490,941,731,35454,134199,912,576,195992,744291,29,155,86280,2141226,5367,15209,386536,852,1,154,0,5,568,3
Alistipes_putredinis_61533,700021295,700037284,2537,1363743,233243,884792,887,693,33006,124884,860,540,200237,759908,27,153,88049,2186260,5415,14052,359763,837,2,151,0,3,534,3
Alistipes_putredinis_61533,700021295,700095213,2673,1372080,235182,890199,997,730,31236,119180,966,528,203946,771019,31,202,89073,2218455,5529,13444,343382,714,0,202,0,3,522,3
Alistipes_putredinis_61533,700021295,700103558,2740,1390057,238614,902039,1025,750,39851,150350,1003,619,198763,751689,22,131,86730,2163015,5322,16825,433205,1020,1,130,0,4,612,3
Alistipes_putredinis_61533,700021295,700106412,2717,1387668,238176,900491,1023,744,38699,145931,1003,606,199477,754560,20,138,86976,2171337,5367,16408,420410,975,1,137,0,4,599,3
Alistipes_putredinis_61533,700021295,700107398,2187,1379767,236901,895371,783,618,24708,93287,745,478,212193,802084,38,140,92387,2308168,5697,10410,268869,582,1,139,0,2,472,4
Alistipes_putredinis_61533,700021295,700111439,3136,1385542,237882,899038,1183,841,42982,161875,1159,693,194900,737163,24,148,84941,2121340,5208,18248,466255,1122,0,148,0,4,686,3
Alistipes_putredinis_61533,700021295,700116028,2818,1390851,238815,902515,1045,774,33067,125932,1004,623,205748,776583,41,151,89275,2234882,5592,14339,362728,729,0,151,0,2,618,3
Alistipes_putredinis_61533,700021295,700116865,2565,1386539,238125,899651,947,680,32023,121702,895,508,206102,777949,52,172,89456,2238790,5601,13832,350557,717,0,172,0,3,503,2
Alistipes_putredinis_61533,700021295,700173320,2938,1386755,237953,899855,1104,758,35977,135698,1054,547,201976,764157,50,211,88007,2199049,5415,15335,390934,825,1,210,0,2,542,3
Alistipes_putredinis_61533,700021295,ERR911998,2557,1391864,239021,903152,924,731,34758,131732,901,564,204263,771420,23,167,88832,2219956,5472,14869,379451,876,1,166,0,3,558,3
Alistipes_putredinis_61533,700021295,ERR912012,2879,1391201,238825,902744,1072,762,32488,122690,1040,595,206337,780054,32,167,89650,2244986,5526,14001,353271,798,1,166,0,5,586,4
Alistipes_putredinis_61533,700021295,ERR912052,3014,1390104,238738,902004,1085,862,41296,155854,1052,651,197442,746150,33,211,85864,2147261,5325,17689,448865,1008,1,210,0,4,643,4
Alistipes_putredinis_61533,700021295,ERR912054,3367,1390535,238687,902291,1309,878,41145,155099,1277,712,197542,747192,32,166,85881,2150355,5340,17710,446588,999,1,165,0,2,708,2
Alistipes_putredinis_61533,700021295,ERR912110,3027,1391123,238829,902691,1169,785,35637,135039,1127,592,203192,767652,42,193,88180,2209274,5502,15452,388831,834,3,189,1,2,587,3
Alistipes_putredinis_61533,700021295,ERR912157,3829,1390860,238719,902567,1473,957,39280,149657,1435,770,199439,752910,38,187,86408,2166919,5403,17237,430777,957,0,186,1,4,763,3
Alistipes_putredinis_61533,700021295,ERR912172,3207,1391026,238843,902671,1212,863,37591,141931,1172,698,201252,760740,40,165,87481,2189342,5397,16190,408652,951,1,164,0,4,691,3
Alistipes_putredinis_61533,700021295,ERR912187,2961,1387913,238378,900603,1098,858,36095,136112,1058,648,202283,764491,40,210,88077,2199924,5472,15316,392153,867,1,208,1,5,639,4
Alistipes_putredinis_61533,700021361,700023788,2311,1391808,238486,902966,906,592,31580,118704,863,449,206906,784262,43,143,90247,2256929,5610,13688,341701,723,2,141,0,2,446,1
Alistipes_putredinis_61533,700021361,ERR911957,2241,1402491,240608,910046,870,576,29936,112441,827,441,210672,797605,43,135,91637,2295535,5643,12914,323686,723,2,133,0,0,440,1
Alistipes_putredinis_61533,700021361,ERR911976,2119,1408544,241655,913984,851,524,28603,108281,811,375,213052,805703,40,149,92430,2318919,5760,12484,311726,633,2,147,0,0,374,1
Alistipes_putredinis_61533,700021361,ERR911977,1734,1409299,241796,914504,693,420,28845,108881,655,322,212951,805623,38,98,92389,2318798,5682,12598,313331,714,1,97,0,0,321,1
Alistipes_putredinis_61533,700021361,ERR912170,2135,1406669,241336,912757,819,580,30754,115459,771,462,210582,797298,48,118,91493,2294767,5634,13290,332343,744,3,115,0,0,461,1
Alistipes_putredinis_61533,700023066,700037757,2927,1402118,240551,909656,1174,647,34429,129774,1133,505,206122,779882,41,142,89667,2244297,5682,14763,373695,864,5,137,0,1,504,0
Alistipes_putredinis_61533,700023066,700163628,3184,1398422,239524,907221,1218,801,41887,158058,1202,642,197637,749163,16,159,86184,2155785,5520,18181,454955,1038,2,157,0,2,639,1
Alistipes_putredinis_61533,700023578,700024615,3112,1334749,227770,865617,1245,706,37873,143855,1211,530,189897,721762,34,176,83594,2076430,5262,16623,414063,879,1,175,0,4,525,1
Alistipes_putredinis_61533,700023578,700116076,3267,1335825,228052,866358,1254,795,40384,153767,1215,587,187668,712591,39,208,82242,2050368,5163,17953,442373,975,2,206,0,4,581,2
Alistipes_putredinis_61533,700023578,700165455,3262,1339063,228545,868466,1267,791,42347,162347,1234,578,186198,706119,33,213,81619,2031614,5124,18911,467065,1065,1,211,1,3,574,1
Alistipes_putredinis_61533,700023578,ERR911962,3112,1323500,225806,858308,1222,702,36572,139939,1194,561,189234,718369,28,141,83107,2066771,5229,16187,402775,855,0,141,0,4,556,1
Alistipes_putredinis_61533,700023578,ERR911985,3281,1340336,228859,869294,1301,761,38425,146785,1275,590,190434,722509,26,171,83518,2078666,5343,17070,422421,864,2,167,2,8,580,2
Alistipes_putredinis_61533,700023578,ERR912012,2577,1340049,228711,869163,990,619,28293,108213,967,476,200418,760950,23,143,87917,2189425,5508,12694,311258,687,0,143,0,7,467,2
Alistipes_putredinis_61533,700023578,ERR912018,3187,1326287,226298,860131,1199,790,46122,176343,1174,604,180176,683788,25,186,79276,1967066,5022,20268,507579,1182,2,183,1,6,596,2
Alistipes_putredinis_61533,700023578,ERR912054,3132,1339203,228535,868579,1248,768,33190,125870,1209,593,195345,742709,39,175,86033,2136637,5457,14521,362339,750,0,175,0,5,586,2
Alistipes_putredinis_61533,700023578,ERR912090,3259,1341212,228913,869847,1268,813,39909,153373,1240,651,189004,716474,28,162,82697,2061487,5238,17965,441182,972,0,161,1,7,641,3
Alistipes_putredinis_61533,700023578,ERR912110,2679,1339863,228662,869024,1062,656,32493,123796,1029,501,196169,745228,33,155,86322,2143929,5433,14256,356385,747,2,152,1,5,495,1
Alistipes_putredinis_61533,700023578,ERR912157,3417,1341333,228868,869987,1332,819,33836,128610,1302,653,195032,741377,30,166,85800,2132913,5418,14912,370108,810,0,166,0,4,647,2
Alistipes_putredinis_61533,700023578,ERR912172,2620,1340441,228828,869386,1017,663,30851,116494,983,498,197977,752892,34,165,87197,2166043,5436,13493,335218,771,1,164,0,2,495,1
Alistipes_putredinis_61533,700023788,700024086,1967,1383114,236926,897270,746,497,32678,123965,702,385,204248,773305,44,112,89292,2225154,5469,14041,357029,825,1,111,0,2,381,2
Alistipes_putredinis_61533,700023788,700033922,2233,1384197,237185,897962,884,544,39484,148954,837,426,197701,749008,47,118,86108,2155519,5397,17300,428683,879,2,116,0,2,424,0
Alistipes_putredinis_61533,700023788,700035157,1969,1379887,236495,895258,768,457,26455,99954,736,350,210040,795304,32,107,91659,2288604,5649,11389,287840,633,2,105,0,1,347,2
Alistipes_putredinis_61533,700023788,700037967,2102,1381892,236755,896471,846,494,30663,115653,820,381,206092,780818,26,113,89936,2246977,5541,13293,332919,747,1,112,0,3,376,2
Alistipes_putredinis_61533,700023788,700038761,1262,1375521,235206,892265,455,342,22606,84650,416,258,212600,807615,39,84,93434,2323687,5724,9596,243772,582,2,82,0,3,254,1
Alistipes_putredinis_61533,700023788,700097688,2536,1381069,236574,895986,1011,612,42662,161071,974,459,193912,734915,37,153,84805,2114798,5142,18379,463757,1077,3,150,0,5,451,3
Alistipes_putredinis_61533,700023788,700121919,1906,1385415,237330,898785,704,535,24622,92117,637,354,212708,806668,67,181,93026,2321221,5757,10466,265363,522,2,178,1,5,349,0
Alistipes_putredinis_61533,700023788,ERR911957,1193,1386775,237667,899678,438,299,14433,53725,421,220,223234,845953,17,79,97474,2434421,5964,6131,154690,354,1,78,0,2,218,0
Alistipes_putredinis_61533,700023788,ERR911968,942,1385299,237374,898689,315,314,6844,25935,232,114,230530,872754,83,200,100503,2511594,6165,2965,74681,159,3,197,0,1,113,0
Alistipes_putredinis_61533,700023788,ERR911976,1037,1389490,238139,901424,369,282,13846,51653,356,201,224293,849771,13,81,97896,2445438,5979,5872,148748,339,1,80,0,2,199,0
Alistipes_putredinis_61533,700023788,ERR911977,1104,1390791,238340,902301,414,287,13181,49267,380,193,225159,853034,34,94,98393,2454697,6012,5470,142019,312,1,93,0,2,191,0
Alistipes_putredinis_61533,700023788,ERR911990,2389,1382880,237012,897126,870,632,36436,137790,839,451,200576,759336,31,181,87510,2185173,5325,15810,396600,960,2,178,1,4,447,0
Alistipes_putredinis_61533,700023788,ERR912004,1906,1388287,237879,900658,700,542,24045,91081,649,310,213834,809577,51,232,93148,2329838,5745,10512,262179,552,1,231,0,1,309,0
Alistipes_putredinis_61533,700023788,ERR912066,1764,1389934,238151,901729,638,508,24339,91939,580,292,213812,809790,58,216,93237,2330388,5745,10570,264674,573,2,214,0,1,290,1
Alistipes_putredinis_61533,700023788,ERR912087,2713,1380213,236479,895465,1033,715,35775,134168,977,497,200704,761297,56,218,87844,2190647,5400,15310,386324,870,3,215,0,3,494,0
Alistipes_putredinis_61533,700023788,ERR912135,2526,1384697,237255,898396,958,651,30513,114626,906,424,206742,783770,52,227,90261,2255484,5565,13185,329958,735,3,224,0,3,420,1
Alistipes_putredinis_61533,700023788,ERR912170,1049,1389890,238195,901699,367,308,14303,53443,349,202,223892,848256,18,106,97691,2441101,5976,6078,153915,336,2,104,0,2,200,0
Alistipes_putredinis_61533,700023788,ERR912199,2575,1386817,237675,899756,969,681,30100,112387,909,453,207575,787369,60,228,90837,2265681,5589,12753,323715,693,3,225,0,2,451,0
Alistipes_putredinis_61533,700023845,ERR912107,1854,1344923,229095,872304,724,440,22458,86646,689,312,206637,785658,35,128,91060,2260322,5592,10164,249216,558,2,126,0,2,310,0
Alistipes_putredinis_61533,700023919,700024318,2802,1427329,244814,926000,1098,676,48345,183673,1077,528,196469,742327,21,148,85462,2135996,5523,20992,528806,1221,0,148,0,2,522,4
Alistipes_putredinis_61533,700023919,700034622,2791,1432296,245787,929285,1077,715,44284,167673,1055,540,201503,761612,22,175,87599,2191612,5625,19071,482835,1113,2,173,0,1,535,4
Alistipes_putredinis_61533,700023919,700037008,2847,1431728,245670,928896,1081,761,48661,183325,1044,594,197009,745571,37,167,85941,2145246,5526,20710,528041,1224,5,161,1,1,590,3
Alistipes_putredinis_61533,700023919,700037738,2949,1405260,240173,911569,1179,698,42446,159929,1152,552,197727,751640,27,146,87041,2162296,5583,18156,460560,1071,3,142,1,1,550,1
Alistipes_putredinis_61533,700023919,700037852,2678,1408217,241133,913374,1084,576,30346,114265,1045,456,210787,799109,39,120,92121,2299317,5889,13214,328840,741,2,118,0,2,454,0
Alistipes_putredinis_61533,700023919,700037916,3143,1431070,245557,928471,1242,790,44760,168831,1202,611,200797,759640,40,179,87519,2185797,5604,19100,486265,1128,2,177,0,1,605,5
Alistipes_putredinis_61533,700023919,700095524,2109,1432693,245883,929480,838,501,26015,97321,821,377,219868,832159,17,124,95631,2394720,6126,11062,280256,645,0,122,2,1,376,0
Alistipes_putredinis_61533,700023919,700110812,951,1339483,226935,868560,363,215,13560,52084,350,153,213375,816476,13,62,95235,2348022,6171,6013,149918,321,0,62,0,0,152,1
Alistipes_putredinis_61533,700023919,700116668,958,1438457,246855,933275,362,232,14659,54832,350,159,232196,878443,12,73,100783,2528114,6432,6314,157831,351,0,73,0,0,158,1
Alistipes_putredinis_61533,700023919,700117766,1314,1437743,246754,932799,539,282,17195,64883,524,214,229559,867916,15,68,99639,2497767,6342,7399,186803,447,0,68,0,0,213,1
Alistipes_putredinis_61533,700023919,700122408,2684,1431318,245592,928637,1047,677,40143,152215,1004,511,205449,776422,43,166,89379,2234184,5703,17261,438382,1002,4,161,1,2,506,3
Alistipes_putredinis_61533,700023919,700124429,1830,1429927,245209,927697,707,401,25417,96754,700,325,219792,830943,7,76,95432,2391307,6090,11166,278442,654,1,75,0,1,322,2
Alistipes_putredinis_61533,700023919,700124561,2449,1432790,245774,929537,932,606,33722,127479,914,469,212052,802058,18,137,92127,2308191,5856,14637,366912,888,0,136,1,2,467,0
Alistipes_putredinis_61533,700023919,700161342,1082,1435234,246211,931182,419,235,11818,44965,411,161,234393,886217,8,74,101731,2550473,6447,5164,129431,300,1,72,1,0,160,1
Alistipes_putredinis_61533,700023919,ERR911954,1093,1438580,246888,933332,432,271,14323,53949,417,201,232565,879383,15,70,101004,2530731,6414,6122,155347,378,0,70,0,0,200,1
Alistipes_putredinis_61533,700023919,ERR911956,2860,1435134,246270,931094,1147,661,34731,131906,1120,537,211539,799188,27,124,91680,2299977,5907,15186,379683,849,1,123,0,3,533,1
Alistipes_putredinis_61533,700023919,ERR911960,2863,1433361,245986,929970,1130,706,42658,161591,1108,548,203328,768379,22,158,88331,2211124,5682,18399,465321,1053,1,156,1,1,544,3
Alistipes_putredinis_61533,700023919,ERR911963,3130,1433752,246060,930219,1238,770,44912,169532,1207,609,201148,760687,31,161,87611,2188882,5568,19204,488234,1158,2,159,0,1,604,4
Alistipes_putredinis_61533,700023919,ERR911966,2530,1422351,244096,922853,984,617,33272,126165,952,488,210824,796688,32,129,91444,2292698,5922,14492,363214,789,2,126,1,1,485,2
Alistipes_putredinis_61533,700023919,ERR911970,2830,1429987,245389,927753,1089,665,31964,119841,1063,535,213425,807912,26,130,92810,2324983,5943,13763,344962,798,1,129,0,1,534,0
Alistipes_putredinis_61533,700023919,ERR911988,2733,1433093,245894,929806,1060,693,41977,159003,1036,530,203917,770803,24,163,88643,2218054,5712,18086,457903,1020,1,161,1,1,525,4
Alistipes_putredinis_61533,700023919,ERR911995,2547,1428693,245103,926940,1029,597,39168,146955,1005,498,205935,779985,24,99,89920,2244242,5793,16520,423409,936,2,97,0,1,495,2
Alistipes_putredinis_61533,700023919,ERR911999,1870,1436532,246497,932033,737,413,20996,78466,719,305,225501,853567,18,108,98119,2456288,6294,8905,226001,492,2,106,0,0,305,0
Alistipes_putredinis_61533,700023919,ERR912000,1544,1438186,246788,933078,612,351,16254,60761,590,264,230534,872317,22,87,100207,2510348,6396,6877,175019,387,2,85,0,0,264,0
Alistipes_putredinis_61533,700023919,ERR912007,2210,1420426,243625,921454,879,509,30232,113567,863,417,213393,807887,16,92,92771,2324929,5961,13007,326926,768,3,89,0,1,416,0
Alistipes_putredinis_61533,700023919,ERR912009,2870,1429980,245477,927722,1149,674,38566,145725,1124,564,206911,781997,25,110,89762,2250493,5736,16822,419336,1017,1,109,0,3,560,1
Alistipes_putredinis_61533,700023919,ERR912013,2495,1436406,246443,931945,941,651,31494,118795,915,522,214949,813150,26,129,93357,2340072,6021,13659,341961,765,1,127,1,2,520,0
Alistipes_putredinis_61533,700023919,ERR912033,2119,1436954,246597,932274,811,503,22653,84239,776,359,223944,848035,35,144,97556,2440309,6240,9464,242725,528,1,142,1,1,358,0
Alistipes_putredinis_61533,700023919,ERR912041,3313,1415732,242778,918486,1317,815,43996,167259,1280,645,198782,751227,37,170,86180,2161984,5517,19305,481296,1176,2,167,1,2,640,3
Alistipes_putredinis_61533,700023919,ERR912048,1705,1430469,245405,927990,653,404,17940,66707,629,308,227465,861283,24,96,98980,2478545,6324,7541,192163,417,2,94,0,0,308,0
Alistipes_putredinis_61533,700023919,ERR912064,2977,1431060,245561,928430,1183,703,44832,169890,1167,563,200729,758540,16,140,87179,2182834,5607,19435,489092,1143,1,138,1,2,558,3
Alistipes_putredinis_61533,700023919,ERR912071,3007,1433884,246070,930305,1145,783,41755,157684,1107,597,204315,772621,38,186,88686,2223510,5667,18138,453840,1074,3,182,1,2,592,3
Alistipes_putredinis_61533,700023919,ERR912072,2208,1437129,246599,932413,876,506,25491,95624,852,382,221108,836789,24,124,96139,2408072,6156,10905,275373,594,2,121,1,1,381,0
Alistipes_putredinis_61533,700023919,ERR912086,2806,1434449,246157,930680,1084,707,40828,154472,1062,533,205329,776208,22,174,89173,2233748,5703,17686,444683,1047,2,171,1,1,529,3
Alistipes_putredinis_61533,700023919,ERR912096,1224,1437208,246623,932497,464,312,15324,57549,459,236,231299,874948,5,76,100581,2517888,6375,6464,165787,396,1,75,0,3,232,1
Alistipes_putredinis_61533,700023919,ERR912100,1871,1438810,246884,933485,728,416,20383,76284,697,299,226501,857201,31,117,98435,2466901,6267,8707,219635,510,1,116,0,0,298,1
Alistipes_putredinis_61533,700023919,ERR912103,1915,1436521,246483,932006,726,470,21988,82949,696,360,224495,849057,30,110,97603,2443364,6204,9426,238872,549,1,109,0,0,359,1
Alistipes_putredinis_61533,700023919,ERR912111,2439,1434722,246177,930837,966,581,26613,100341,953,488,219564,830496,13,93,95485,2389886,6117,11388,288972,663,2,91,0,1,485,2
Alistipes_putredinis_61533,700023919,ERR912124,771,1439423,246991,933884,305,161,10457,39737,297,119,236534,894147,8,42,102641,2573260,6540,4530,114426,255,0,42,0,0,118,1
Alistipes_putredinis_61533,700023919,ERR912144,3201,1431754,245683,928913,1232,793,44474,168241,1209,619,201209,760672,23,174,87549,2188821,5646,19106,484528,1089,3,170,1,3,613,3
Alistipes_putredinis_61533,700023919,ERR912152,3157,1430742,245551,928278,1227,800,44571,169056,1202,598,200980,759222,25,202,87339,2184702,5625,19282,486776,1110,2,198,2,1,594,3
Alistipes_putredinis_61533,700023919,ERR912159,2995,1431679,245662,928901,1167,787,48294,181591,1153,595,197368,747310,14,192,86133,2150271,5526,20537,523027,1209,2,189,1,1,590,4
Alistipes_putredinis_61533,700023919,SRR413603,681,1427894,244673,926331,265,148,9971,37746,256,113,234702,888585,9,35,102252,2557017,6486,4218,108756,264,1,34,0,0,112,1
Alistipes_putredinis_61533,700023919,SRR413629,626,1439165,246932,933714,249,126,7760,28836,237,83,239172,904878,12,43,103908,2604147,6579,3259,83042,207,1,42,0,0,83,0
Alistipes_putredinis_61533,700023919,SRR413653,944,1437212,246604,932426,371,210,12546,47066,356,150,234058,885360,15,60,101699,2547973,6408,5356,135506,336,1,59,0,0,149,1
Alistipes_putredinis_61533,700023919,mickey3-11-30-0_,3074,1430285,245364,927904,1224,770,47975,181916,1207,618,197389,745988,17,152,85917,2146482,5565,20704,523874,1170,1,150,1,1,613,4
Alistipes_putredinis_61533,700024086,700035157,1707,1384763,237425,898454,682,401,21366,81562,649,291,216059,816892,33,110,93940,2350934,5802,9345,234828,513,1,109,0,1,290,0
Alistipes_putredinis_61533,700024086,700037967,2231,1386263,237604,899390,895,546,29947,113427,859,404,207657,785963,36,142,90294,2262048,5547,13134,326370,777,0,142,0,3,399,2
Alistipes_putredinis_61533,700024086,700038761,1051,1376876,235445,893115,419,275,12885,48969,387,185,222560,844146,32,90,97475,2428957,6006,5648,140953,306,1,89,0,1,183,1
Alistipes_putredinis_61533,700024086,700097688,2661,1382148,236821,896736,1066,653,36345,138274,1026,441,200476,758462,40,212,87223,2182847,5316,15950,397966,906,3,209,0,4,434,3
Alistipes_putredinis_61533,700024086,700121919,2255,1387975,237917,900527,842,652,30372,115241,802,458,207545,785286,40,194,90407,2259892,5559,13142,331852,729,2,192,0,5,450,3
Alistipes_putredinis_61533,700024086,ERR911957,1866,1388871,238133,901131,721,470,27056,102788,689,357,211077,798343,32,113,91818,2297529,5682,11781,295947,636,1,112,0,1,354,2
Alistipes_putredinis_61533,700024086,ERR911968,1718,1387953,237912,900520,620,504,20757,79255,521,295,217155,821265,99,209,94575,2363421,5799,8975,228247,543,2,207,0,1,292,2
Alistipes_putredinis_61533,700024086,ERR911976,1828,1391724,238624,902952,694,481,27134,102537,662,376,211490,800415,32,105,92114,2303455,5676,11660,295297,654,0,105,0,2,372,2
Alistipes_putredinis_61533,700024086,ERR911977,1792,1392858,238814,903741,692,473,28456,106516,637,336,210358,797225,55,137,91923,2294151,5601,11937,306879,732,1,136,0,2,332,2
Alistipes_putredinis_61533,700024086,ERR911990,2568,1386213,237690,899373,945,683,31456,119595,910,470,206234,779778,35,213,89712,2244150,5472,13705,344249,831,4,208,1,1,467,2
Alistipes_putredinis_61533,700024086,ERR912170,1788,1392560,238733,903505,669,498,24066,91005,627,378,214667,812500,42,120,93440,2338339,5721,10406,262009,600,1,119,0,2,374,2
Alistipes_putredinis_61533,700024318,700032133,1265,1431780,245561,928933,488,324,16449,61022,477,226,229112,867911,11,98,99760,2497667,6306,7051,175598,417,2,96,0,2,224,0
Alistipes_putredinis_61533,700024318,700033797,1631,1412916,241904,916622,642,371,23775,90241,627,270,218129,826381,15,101,95320,2377841,5982,10345,259772,606,2,99,0,2,268,0
Alistipes_putredinis_61533,700024318,700034622,1099,1431129,245482,928460,423,264,12187,46149,404,174,233295,882311,19,90,101457,2539047,6429,5282,132850,315,2,88,0,2,172,0
Alistipes_putredinis_61533,700024318,700037008,1506,1430351,245319,927946,592,364,17696,67184,574,253,227623,860762,18,111,99036,2477010,6240,7656,193383,513,5,106,0,2,251,0
Alistipes_putredinis_61533,700024318,700037852,2824,1408269,241112,913475,1121,676,42816,163007,1082,544,198296,750468,39,132,86704,2159237,5463,18694,469172,1155,0,132,0,5,535,4
Alistipes_putredinis_61533,700024318,700037916,1343,1432358,245654,929272,527,338,16605,62180,501,221,229049,867092,26,117,99698,2495230,6348,7159,178988,393,1,116,0,3,217,1
Alistipes_putredinis_61533,700024318,700095524,2433,1426450,244658,925417,956,617,35789,135365,929,454,208869,790052,27,163,90884,2273434,5838,15541,389642,912,0,162,1,2,449,3
Alistipes_putredinis_61533,700024318,700098932,3464,1425290,244471,924701,1397,845,38315,143349,1377,698,206156,781352,20,147,90222,2248215,5619,16139,412909,999,3,144,0,5,689,4
Alistipes_putredinis_61533,700024318,700116668,2888,1431273,245537,928624,1118,723,49407,187566,1099,564,196130,741058,19,159,85092,2132562,5520,21628,539846,1224,0,159,0,3,556,5
Alistipes_putredinis_61533,700024318,700122408,857,1432662,245725,929478,327,224,12879,48747,317,147,232846,880731,10,77,101343,2534487,6363,5537,140353,351,4,73,0,3,144,0
Alistipes_putredinis_61533,700024318,700124561,2736,1427599,244802,926161,1032,714,40152,152903,1006,531,204650,773258,26,183,88778,2225344,5652,17745,439896,1068,0,182,1,3,524,4
Alistipes_putredinis_61533,700024318,700161342,2903,1427719,244829,926337,1127,694,42443,161111,1102,522,202386,765226,25,172,87979,2202098,5601,18537,463695,1101,0,171,1,4,513,5
Alistipes_putredinis_61533,700024318,ERR911954,3021,1431146,245523,928521,1183,741,43843,166143,1140,582,201680,762378,43,159,87602,2193961,5571,19141,478100,1188,1,158,0,2,575,5
Alistipes_putredinis_61533,700024318,ERR911960,1030,1433251,245845,929863,392,257,11533,43945,379,179,234312,885918,13,78,101753,2549548,6453,5117,126427,291,1,77,0,2,177,0
Alistipes_putredinis_61533,700024318,ERR911963,1316,1433418,245898,929974,523,309,16760,63235,514,234,229138,866739,9,75,99794,2494201,6222,7123,182075,507,2,73,0,2,232,0
Alistipes_putredinis_61533,700024318,ERR911966,2299,1420513,243689,921640,875,594,29241,112442,843,438,214448,809198,32,156,92810,2328904,5880,13119,323400,807,2,154,0,2,429,7
Alistipes_putredinis_61533,700024318,ERR911970,3234,1425632,244503,924940,1232,824,43252,164162,1208,655,201251,760778,24,169,87580,2189243,5511,18822,472473,1191,0,169,0,3,648,4
Alistipes_putredinis_61533,700024318,ERR911988,837,1432805,245734,929591,319,220,10740,40738,306,140,234994,888853,13,80,102086,2558023,6450,4771,117155,288,1,79,0,2,137,1
Alistipes_putredinis_61533,700024318,ERR911995,2741,1425181,244391,924665,1099,692,42969,161849,1069,551,201422,762816,30,141,87989,2194861,5598,18342,466092,1113,2,139,0,2,547,2
Alistipes_putredinis_61533,700024318,ERR911996,2740,1427741,244849,926360,1063,672,30527,116990,1043,531,214322,809370,20,141,92880,2329395,5835,13602,336477,891,2,139,0,5,526,0
Alistipes_putredinis_61533,700024318,ERR911999,2279,1432322,245637,929298,867,597,31211,119130,838,433,214426,810168,29,164,93248,2331295,5961,13622,342967,801,0,164,0,3,426,4
Alistipes_putredinis_61533,700024318,ERR912000,2037,1432699,245721,929531,766,571,27265,103921,744,424,218456,825610,22,147,94972,2375837,6021,11888,299143,732,1,146,0,2,418,4
Alistipes_putredinis_61533,700024318,ERR912007,2952,1415510,242695,918284,1142,761,45121,171332,1119,612,197574,746952,23,149,85873,2149490,5493,19689,493110,1197,1,148,0,4,604,4
Alistipes_putredinis_61533,700024318,ERR912013,2752,1432537,245687,929417,1024,761,38834,147678,994,594,206853,781739,30,167,89954,2249491,5772,16914,425130,990,0,166,1,4,586,4
Alistipes_putredinis_61533,700024318,ERR912026,2408,1430853,245418,928291,930,670,29431,110224,903,491,215987,818067,27,179,94187,2354020,5994,12553,317372,747,7,171,1,1,489,1
Alistipes_putredinis_61533,700024318,ERR912033,2245,1431592,245529,928791,875,575,30568,115791,851,432,214961,813000,24,143,93620,2339446,5934,13156,333401,816,0,143,0,3,424,5
Alistipes_putredinis_61533,700024318,ERR912041,1633,1415402,242605,918224,639,423,25894,98476,626,327,216711,819748,13,96,94131,2359176,5937,11451,283215,762,2,94,0,3,324,0
Alistipes_putredinis_61533,700024318,ERR912048,1896,1425761,244483,924951,717,517,27219,103666,696,367,217264,821285,21,150,94469,2363419,5967,11872,298373,753,1,149,0,2,361,4
Alistipes_putredinis_61533,700024318,ERR912062,1859,1434087,245983,930418,707,483,23477,90224,680,339,222506,840194,27,144,96368,2418073,6141,10616,259441,615,6,138,0,6,332,1
Alistipes_putredinis_61533,700024318,ERR912063,1390,1433683,245865,930177,527,364,15490,58744,506,269,230375,871433,21,95,100203,2507796,6300,6749,169048,435,0,94,1,2,267,0
Alistipes_putredinis_61533,700024318,ERR912064,1132,1431705,245555,928821,438,262,14733,56007,429,181,230822,872814,9,81,100249,2511881,6312,6555,161031,435,2,79,0,2,179,0
Alistipes_putredinis_61533,700024318,ERR912071,1055,1434502,246063,930692,384,304,10656,40311,372,205,235407,890381,12,99,102327,2562399,6417,4676,115927,330,2,97,0,4,201,0
Alistipes_putredinis_61533,700024318,ERR912072,2355,1433216,245812,929899,943,584,31902,121307,917,433,213910,808592,26,151,92843,2327017,5916,14068,349040,813,1,149,1,3,426,4
Alistipes_putredinis_61533,700024318,ERR912086,991,1435057,246157,931051,375,260,10460,40190,360,171,235697,890861,15,89,102374,2563714,6495,4663,115643,264,2,87,0,2,169,0
Alistipes_putredinis_61533,700024318,ERR912100,2031,1434347,245996,930607,783,536,30286,115275,754,377,215710,815332,29,159,93715,2346383,5898,13258,331706,861,0,159,0,2,370,5
Alistipes_putredinis_61533,700024318,ERR912103,2064,1433390,245848,929983,775,571,28662,110030,742,416,217186,819953,33,155,94240,2359697,5922,12698,316582,810,0,155,0,2,411,3
Alistipes_putredinis_61533,700024318,ERR912111,2766,1430978,245421,928399,1075,708,39329,149584,1055,571,206092,778815,20,137,89599,2241149,5697,17156,430540,1056,1,136,0,3,564,4
Alistipes_putredinis_61533,700024318,ERR912124,2648,1431759,245583,928940,1033,651,44808,170421,1010,512,200775,758519,23,139,87238,2182685,5634,19531,490613,1119,1,138,0,2,505,5
Alistipes_putredinis_61533,700024318,ERR912144,1582,1432358,245689,929284,597,413,19081,72374,573,301,226608,856910,24,112,98449,2466026,6255,8380,208259,483,3,109,0,4,297,0
Alistipes_putredinis_61533,700024318,ERR912152,1473,1431566,245587,928787,551,414,13919,52986,529,255,231668,875801,22,159,100660,2520383,6360,6134,152446,378,2,157,0,2,252,1
Alistipes_putredinis_61533,700024318,ERR912159,1348,1431320,245504,928633,505,371,16690,62193,491,285,228814,866440,14,86,99705,2493345,6270,7052,179050,477,2,84,0,2,282,1
Alistipes_putredinis_61533,700024318,ERR912175,1613,1432559,245725,929434,631,413,20553,78214,611,289,225172,851220,20,124,97806,2449689,6165,9023,225052,567,3,120,1,2,286,1
Alistipes_putredinis_61533,700024318,SRR413582,1434,1405836,240325,912049,514,387,18701,70225,490,277,221624,841824,24,110,97352,2421979,6141,7982,202180,513,2,108,0,4,271,2
Alistipes_putredinis_61533,700024318,SRR413603,2577,1421431,243528,922178,1000,625,41855,159734,973,478,201673,762444,27,147,87710,2194009,5613,18417,459687,1098,1,146,0,3,470,5
Alistipes_putredinis_61533,700024318,SRR413629,2500,1431421,245522,928705,977,604,39518,149914,937,448,206004,778791,40,156,89515,2241161,5697,17242,431450,1050,0,156,0,2,442,4
Alistipes_putredinis_61533,700024318,SRR413653,2809,1429624,245223,927531,1093,688,48909,186020,1070,543,196314,741511,23,145,85279,2133764,5490,21369,535473,1218,1,144,0,3,535,5
Alistipes_putredinis_61533,700024318,mickey3-11-30-0_,1324,1431209,245419,928516,520,358,13763,52383,505,276,231656,876133,15,82,100864,2521136,6399,5961,150855,333,1,81,0,2,273,1
Alistipes_putredinis_61533,700024349,ERR911982,2591,1399470,240108,908097,1008,639,35988,136966,977,492,204120,771131,31,147,88377,2219598,5418,15937,394070,891,3,144,0,2,487,3
Alistipes_putredinis_61533,700024349,ERR912087,2614,1391892,238758,903179,1021,663,33635,126384,982,488,205123,776795,39,175,89522,2235340,5523,14291,364075,786,3,172,0,3,483,2
Alistipes_putredinis_61533,700024349,ERR912135,2653,1397252,239641,906701,1051,636,36595,137844,1025,481,203046,768857,26,155,88439,2212729,5403,15728,396856,948,2,152,1,4,475,2
Alistipes_putredinis_61533,700024349,ERR912199,2538,1398424,239909,907424,987,634,35331,132914,957,457,204578,774510,30,177,89174,2228932,5424,15048,382791,903,4,173,0,1,454,2
Alistipes_putredinis_61533,700024437,700113975,2898,1398224,239604,907025,1152,690,32540,123287,1137,507,207064,783738,15,183,90325,2255063,5826,14065,355067,729,1,182,0,2,503,2
Alistipes_putredinis_61533,700024437,700161872,2895,1398717,239695,907357,1158,683,33638,127802,1142,506,206057,779555,16,177,89815,2243060,5790,14589,368055,762,1,176,0,2,502,2
Alistipes_putredinis_61533,700024437,700163628,3133,1392984,238432,903608,1199,840,42684,161758,1187,659,195748,741850,12,181,85678,2134352,5520,18473,465769,1032,2,179,0,3,654,2
Alistipes_putredinis_61533,700024449,ERR912004,1904,1403124,240677,910432,731,491,39575,151230,656,351,201102,759202,75,140,87131,2185120,5355,17427,435246,1017,0,138,2,0,351,0
Alistipes_putredinis_61533,700024449,ERR912066,1809,1404960,240947,911655,676,475,40935,156607,609,314,200012,755048,67,161,86677,2173133,5334,18041,450715,1065,1,158,2,0,313,1
Alistipes_putredinis_61533,700024545,700034565,2948,1395150,238829,905118,1144,731,40475,154578,1114,575,198354,750540,30,156,86441,2159674,5505,17852,444817,1065,2,153,1,4,567,4
Alistipes_putredinis_61533,700024545,700038594,2939,1393791,238657,904306,1143,690,35865,136086,1113,530,202792,768220,30,160,88438,2210636,5586,15640,391649,969,1,159,0,5,523,2
Alistipes_putredinis_61533,700024545,700105940,2589,1399523,239613,908019,984,627,34873,133543,960,481,204740,774476,24,146,89094,2228640,5694,15408,384348,873,2,143,1,5,474,2
Alistipes_putredinis_61533,700024615,700113810,3659,1369293,234558,888374,1452,846,44390,168605,1422,717,190168,719769,30,129,82832,2071411,5064,19392,485301,1122,3,126,0,7,703,7
Alistipes_putredinis_61533,700024615,700175331,3255,1375953,235704,892707,1299,746,46424,175175,1260,568,189280,717532,39,178,82712,2064751,5133,20055,504390,1080,1,176,1,3,562,3
Alistipes_putredinis_61533,700024615,ERR911962,2929,1359323,232736,881807,1191,617,38522,146789,1152,493,194214,735018,39,124,84449,2115331,5274,17013,422490,864,2,122,0,1,492,0
Alistipes_putredinis_61533,700024615,ERR912012,2592,1376569,235771,893077,1008,611,32753,122584,974,456,203018,770493,34,155,88782,2217222,5475,14008,352979,765,2,153,0,4,451,1
Alistipes_putredinis_61533,700024615,ERR912110,2723,1375818,235647,892589,1104,607,34294,129787,1064,418,201353,762802,40,189,87823,2195102,5481,14890,373715,756,4,184,1,2,416,0
Alistipes_putredinis_61533,700024615,ERR912157,3380,1375835,235603,892612,1369,743,37492,142585,1322,574,198111,750027,47,169,86298,2158392,5391,16446,410442,867,1,168,0,2,571,1
Alistipes_putredinis_61533,700024615,ERR912172,2879,1375853,235689,892624,1141,710,35600,134396,1092,554,200089,758228,49,156,87415,2181842,5427,15393,386976,819,2,154,0,2,550,2
Alistipes_putredinis_61533,700024711,700038263,3172,1347767,229935,874265,1255,744,45176,172998,1216,581,184759,701267,39,163,81195,2017596,5010,20073,497745,1176,4,158,1,3,575,3
Alistipes_putredinis_61533,700024711,700106754,937,1384034,237347,897977,376,212,9655,36443,346,125,227692,861534,30,87,99070,2479418,6114,4135,104981,213,4,83,0,0,124,1
Alistipes_putredinis_61533,700024711,700161533,2447,1377773,236081,893892,929,656,26710,101691,881,449,209371,792201,48,207,91175,2279821,5607,11677,292769,627,4,201,2,4,444,1
Alistipes_putredinis_61533,700024711,700165224,1251,1382109,237007,896707,495,293,11901,45254,462,179,225106,851453,33,114,97834,2450525,6000,5234,130255,273,3,110,1,0,177,2
Alistipes_putredinis_61533,700024752,700113975,2870,1391827,238189,902795,1109,672,35332,133734,1084,526,202857,769061,25,146,88583,2212939,5661,15567,384744,891,1,142,3,3,522,1
Alistipes_putredinis_61533,700024752,700161872,2865,1392442,238299,903221,1111,669,32955,124653,1085,509,205344,778568,26,160,89691,2240274,5739,14479,358661,819,1,157,2,3,504,2
Alistipes_putredinis_61533,700024752,700163628,3032,1388556,237392,900686,1129,781,33309,126436,1098,627,204083,774250,31,154,89266,2227832,5652,14764,363641,903,1,153,0,3,622,2
Alistipes_putredinis_61533,700024866,700024998,2558,1364637,233443,885425,1014,638,32308,121756,993,523,201135,763669,21,115,88481,2197006,5520,13748,350839,681,2,113,0,3,517,3
Alistipes_putredinis_61533,700024866,700034926,2080,1356360,231731,879941,822,521,28465,108001,798,401,203266,771940,24,120,89343,2220888,5589,12364,311015,624,1,119,0,4,396,1
Alistipes_putredinis_61533,700024866,700037284,2108,1365832,233478,886191,807,520,25404,95356,789,430,208074,790835,18,90,91633,2275199,5673,10671,274830,567,2,88,0,2,427,1
Alistipes_putredinis_61533,700024866,700095213,2240,1372412,235108,890411,904,533,28083,107007,889,413,207025,783404,15,120,90349,2254259,5604,12234,308160,627,0,120,0,0,412,1
Alistipes_putredinis_61533,700024866,700097973,1283,1380880,236891,895953,518,314,17411,65500,502,246,219480,830453,16,68,95629,2390000,5730,7323,188748,429,0,68,0,1,244,1
Alistipes_putredinis_61533,700024866,700103558,2248,1388097,238105,900780,909,545,37836,143140,882,445,200269,757640,27,100,87135,2180313,5472,16399,412160,861,2,98,0,3,441,1
Alistipes_putredinis_61533,700024866,700105991,3212,1388854,238296,901219,1304,763,41700,157988,1274,627,196596,743231,30,136,85430,2138995,5268,18123,454800,1041,0,136,0,3,621,3
Alistipes_putredinis_61533,700024866,700106412,2247,1386095,237755,899467,908,546,31569,119612,881,444,206186,779855,27,102,89711,2244220,5634,13653,344481,702,2,100,0,3,440,1
Alistipes_putredinis_61533,700024866,700107398,1834,1377104,236247,893635,734,451,24326,90934,716,374,211921,802701,18,77,92521,2309849,5733,10135,262136,531,1,76,0,2,370,2
Alistipes_putredinis_61533,700024866,700109449,2786,1388351,238248,900927,1106,658,41274,156567,1085,496,196974,744360,21,162,85770,2141937,5373,17738,451063,900,0,162,0,3,492,1
Alistipes_putredinis_61533,700024866,700111439,2546,1384841,237556,898624,1011,623,34466,130667,976,511,203090,767957,35,112,88234,2210132,5505,14994,376191,816,2,110,0,2,508,1
Alistipes_putredinis_61533,700024866,700116028,2479,1386797,237964,899892,1003,608,32240,121279,977,518,205724,778613,26,90,89695,2240522,5622,13702,349457,678,1,89,0,1,516,1
Alistipes_putredinis_61533,700024866,700116865,2164,1385504,237725,898973,888,511,27247,102459,853,416,210478,796514,35,95,91717,2292125,5700,11592,295188,597,1,94,0,1,414,1
Alistipes_putredinis_61533,700024866,700173320,2386,1385616,237622,899097,996,527,33519,125886,975,410,204103,773211,21,117,89091,2225049,5493,14259,362655,744,0,117,0,1,408,1
Alistipes_putredinis_61533,700024866,ERR911998,2210,1388454,238242,900943,883,567,31674,119494,860,476,206568,781449,23,91,90220,2248559,5568,13326,344400,756,0,91,0,2,473,1
Alistipes_putredinis_61533,700024866,ERR912052,1115,1389508,238438,901615,450,292,11160,41064,439,233,227278,860551,11,59,99142,2476457,6054,4484,118435,273,1,58,0,0,233,0
Alistipes_putredinis_61533,700024866,ERR912187,2346,1385850,237847,899274,945,635,29057,108894,907,470,208790,790380,38,165,91170,2274276,5694,12197,313858,627,2,162,1,1,467,2
Alistipes_putredinis_61533,700024998,700034926,2254,1345159,229503,872655,902,572,21307,79954,872,416,208196,792701,30,156,91913,2280484,5706,9155,230239,468,4,152,0,4,410,2
Alistipes_putredinis_61533,700024998,700037284,1980,1357256,231830,880540,761,495,21065,79213,744,398,210765,801327,17,97,92866,2305364,5751,8970,228222,447,4,93,0,1,395,2
Alistipes_putredinis_61533,700024998,700038956,2941,1367604,233974,887360,1163,740,33210,124573,1127,641,200764,762787,36,99,88206,2194740,5415,14168,358756,795,3,96,0,2,631,8
Alistipes_putredinis_61533,700024998,700095213,2229,1361162,232790,883093,880,576,22173,84065,863,411,210617,799028,17,165,92281,2299121,5682,9739,241973,483,2,163,0,3,406,2
Alistipes_putredinis_61533,700024998,700097973,2570,1359403,232572,881955,993,660,31069,117149,968,524,201503,764806,25,136,88522,2200451,5445,13240,337595,612,2,134,0,4,516,4
Alistipes_putredinis_61533,700024998,700103558,2440,1367361,233937,887234,980,603,23969,89498,955,460,209968,797736,25,143,92189,2295316,5703,10203,257760,531,5,138,0,3,455,2
Alistipes_putredinis_61533,700024998,700105991,2999,1368312,234119,887826,1224,716,36760,138325,1196,588,197359,749501,28,128,86591,2156566,5346,15843,398256,876,3,125,0,3,581,4
Alistipes_putredinis_61533,700024998,700106412,2397,1365895,233678,886273,971,588,23839,89080,943,453,209839,797193,28,135,92112,2293770,5697,10170,256545,525,5,130,0,3,448,2
Alistipes_putredinis_61533,700024998,700107398,1919,1356920,232175,880454,757,492,17705,66356,731,389,214470,814098,26,103,94024,2342456,5814,7542,191178,348,2,101,0,3,383,3
Alistipes_putredinis_61533,700024998,700109449,2920,1365898,233720,886266,1157,714,34367,129798,1127,538,199353,756468,30,176,87625,2176250,5529,14632,374117,645,2,174,0,5,531,2
Alistipes_putredinis_61533,700024998,700111439,2669,1364042,233353,885037,1086,632,25567,95712,1056,480,207786,789325,30,152,91222,2271104,5649,10900,275663,573,4,148,0,3,475,2
Alistipes_putredinis_61533,700024998,700116028,2438,1367473,233952,887278,990,607,27400,103030,963,495,206552,784248,27,112,90782,2256325,5637,11621,296887,582,2,110,0,3,490,2
Alistipes_putredinis_61533,700024998,700116865,2166,1363430,233291,884611,892,492,24435,92080,870,387,208856,792531,22,105,91507,2280431,5655,10573,265130,537,2,103,0,3,382,2
Alistipes_putredinis_61533,700024998,700173320,2494,1365249,233558,885790,1031,569,27514,102767,1004,443,206044,783023,27,126,90613,2252888,5568,11629,296087,585,2,124,0,4,437,2
Alistipes_putredinis_61533,700024998,ERR911998,2246,1367623,234011,887347,892,591,25660,96910,863,466,208351,790437,29,125,91474,2274236,5601,10932,279183,615,2,123,0,1,463,2
Alistipes_putredinis_61533,700024998,ERR912052,2364,1365898,233704,886223,923,631,25216,94444,898,497,208488,791779,25,134,91516,2278085,5736,10754,272095,483,3,131,0,3,491,3
Alistipes_putredinis_61533,700024998,ERR912114,3109,1366134,233749,886376,1259,741,37995,142497,1224,622,195754,743879,35,119,86266,2140076,5295,16020,410553,918,4,115,0,2,617,3
Alistipes_putredinis_61533,700024998,ERR912187,1961,1365672,233720,886110,801,501,18331,68116,771,399,215389,817994,30,102,94486,2353640,5856,7784,196183,381,3,97,2,1,396,2
Alistipes_putredinis_61533,700024998,ERR912194,3127,1364003,233373,885014,1273,743,36876,139019,1234,606,196497,745995,39,137,86372,2146363,5250,15737,400390,930,3,134,0,3,600,3
Alistipes_putredinis_61533,700032133,700033797,1850,1413183,241963,916844,728,448,25808,97412,714,348,216155,819432,14,100,94451,2357962,5883,11196,280368,672,2,98,0,0,348,0
Alistipes_putredinis_61533,700032133,700034622,1416,1435308,246323,931261,563,340,16764,62034,547,247,229559,869227,16,93,99778,2501588,6315,7128,178569,405,2,91,0,0,247,0
Alistipes_putredinis_61533,700032133,700037008,1805,1434418,246156,930668,713,447,22558,84217,696,357,223598,846451,17,90,97172,2436055,6126,9678,242364,609,4,86,0,1,356,0
Alistipes_putredinis_61533,700032133,700037916,1512,1436474,246504,932027,608,374,20773,76680,587,278,225731,855347,21,96,98170,2461643,6228,8851,220703,486,1,95,0,1,276,1
Alistipes_putredinis_61533,700032133,700095524,2898,1430366,245461,928047,1139,765,44398,166494,1124,606,201063,761553,15,159,87484,2191577,5598,19096,479258,1128,2,156,1,0,603,3
Alistipes_putredinis_61533,700032133,700098932,3700,1429119,245233,927274,1520,898,42865,159780,1503,757,202368,767494,17,141,88400,2208583,5499,18113,460135,1092,2,138,1,4,750,3
Alistipes_putredinis_61533,700032133,700122408,1179,1436281,246441,931908,450,321,16334,60618,445,240,230107,871290,5,81,100042,2507540,6288,6983,174466,405,6,75,0,1,239,0
Alistipes_putredinis_61533,700032133,700124561,3173,1430046,245335,927820,1214,845,48137,181702,1189,669,197198,746118,25,176,85561,2147342,5451,21029,522838,1239,2,173,1,1,664,4
Alistipes_putredinis_61533,700032133,700161342,3363,1430648,245428,928308,1304,841,45115,170435,1290,669,200313,757873,14,172,87005,2181049,5565,19608,490575,1122,2,168,2,2,663,4
Alistipes_putredinis_61533,700032133,ERR911960,1229,1437167,246646,932484,481,316,15010,55606,473,238,231636,876878,8,78,100492,2523779,6363,6523,159938,357,1,77,0,0,238,0
Alistipes_putredinis_61533,700032133,ERR911963,1660,1437280,246687,932565,664,407,20361,75734,656,315,226326,856831,8,92,98385,2465967,6141,8689,217949,564,2,90,0,0,315,0
Alistipes_putredinis_61533,700032133,ERR911966,2607,1423293,244292,923521,971,720,36573,139073,947,566,207719,784448,24,154,89737,2257919,5688,16277,399970,972,4,149,1,0,560,6
Alistipes_putredinis_61533,700032133,ERR911970,3604,1428141,245069,926633,1366,934,45015,169202,1341,735,200054,757431,25,199,87087,2179710,5496,19375,487049,1182,3,195,1,0,732,3
Alistipes_putredinis_61533,700032133,ERR911988,1113,1437023,246599,932399,437,289,14046,51856,425,205,232553,880543,12,84,100913,2534374,6342,6116,149080,372,1,83,0,0,204,1
Alistipes_putredinis_61533,700032133,ERR911995,2988,1428217,245042,926708,1175,808,47237,177168,1145,649,197805,749540,30,159,86325,2156769,5526,20111,510235,1158,3,156,0,1,646,2
Alistipes_putredinis_61533,700032133,ERR911996,3018,1431193,245571,928667,1170,757,35123,132653,1154,621,210448,796014,16,136,91186,2291141,5715,15414,381555,990,2,134,0,3,618,0
Alistipes_putredinis_61533,700032133,ERR911999,2631,1434961,246217,931084,1006,708,42578,160462,984,530,203639,770622,22,178,88653,2217540,5673,18291,462030,1065,2,175,1,1,526,3
Alistipes_putredinis_61533,700032133,ERR912000,2524,1435517,246332,931439,950,724,32435,121981,931,564,213897,809458,19,160,92948,2329507,5919,13999,351134,810,3,156,1,0,561,3
Alistipes_putredinis_61533,700032133,ERR912007,3375,1418137,243263,920061,1307,880,44086,165983,1287,699,199177,754078,20,181,86495,2170231,5508,19137,477654,1158,4,176,1,1,695,3
Alistipes_putredinis_61533,700032133,ERR912026,2787,1434361,246169,930650,1100,754,33190,123534,1076,572,212979,807116,24,182,92664,2322795,5889,14206,355571,825,7,175,0,0,570,2
Alistipes_putredinis_61533,700032133,ERR912033,2687,1435013,246255,931106,1050,715,35848,134298,1024,535,210407,796808,26,180,91561,2293034,5829,15345,386655,894,2,177,1,1,530,4
Alistipes_putredinis_61533,700032133,ERR912041,1835,1419443,243458,920921,752,466,23502,87743,737,353,219956,833178,15,113,95443,2398043,6048,10301,252301,627,2,111,0,1,352,0
Alistipes_putredinis_61533,700032133,ERR912048,2397,1428512,245080,926807,915,671,32590,122694,895,502,212490,804113,20,169,92243,2314225,5871,14171,353086,825,3,165,1,0,499,3
Alistipes_putredinis_61533,700032133,ERR912062,2159,1437322,246655,932597,839,563,28087,106281,821,423,218568,826316,18,140,94602,2378304,6042,12494,305662,687,5,135,0,3,419,1
Alistipes_putredinis_61533,700032133,ERR912063,1751,1437179,246604,932499,674,473,19539,72496,655,351,227065,860003,19,122,98676,2475135,6198,8393,208582,513,2,119,1,0,351,0
Alistipes_putredinis_61533,700032133,ERR912064,1508,1434802,246235,930908,607,357,19390,72283,596,264,226845,858625,11,93,98408,2471281,6186,8494,207818,537,1,92,0,1,263,0
Alistipes_putredinis_61533,700032133,ERR912071,1387,1437744,246751,932861,529,387,16516,61121,520,295,230235,871740,9,92,99933,2509029,6258,7168,175730,465,2,90,0,2,293,0
Alistipes_putredinis_61533,700032133,ERR912072,2841,1436382,246490,932026,1134,730,37683,141889,1106,539,208807,790137,28,191,90632,2274007,5772,16377,408357,933,3,186,2,1,535,3
Alistipes_putredinis_61533,700032133,ERR912086,1304,1438350,246850,933254,506,348,16071,60125,496,266,230779,873129,10,82,100092,2512953,6342,7056,172926,393,2,80,0,0,266,0
Alistipes_putredinis_61533,700032133,ERR912100,2518,1437088,246589,932460,976,688,34016,127984,945,497,212573,804476,31,191,92238,2315361,5829,14809,368240,903,2,188,1,0,493,4
Alistipes_putredinis_61533,700032133,ERR912103,2570,1436062,246432,931795,970,726,35274,132974,951,575,211158,798821,19,151,91637,2299060,5766,15376,382601,945,2,149,0,0,572,3
Alistipes_putredinis_61533,700032133,ERR912111,3318,1433901,246045,930373,1284,887,44017,166225,1265,745,202028,764148,19,142,87813,2199021,5610,19041,478515,1119,3,139,0,1,740,4
Alistipes_putredinis_61533,700032133,ERR912124,3089,1434494,246182,930789,1204,791,42626,160941,1177,610,203556,769848,27,181,88298,2215564,5682,18547,463229,1047,3,177,1,0,606,4
Alistipes_putredinis_61533,700032133,ERR912144,1813,1435616,246384,931463,684,484,22507,84013,655,362,223877,847450,29,122,97211,2438995,6144,9731,241741,567,5,117,0,2,360,0
Alistipes_putredinis_61533,700032133,ERR912152,1809,1434619,246228,930830,694,504,18544,69094,669,345,227684,861736,25,159,98802,2480133,6273,8089,198752,441,3,156,0,1,343,1
Alistipes_putredinis_61533,700032133,ERR912159,1595,1435169,246303,931208,607,437,22016,81535,596,324,224287,849673,11,113,97526,2445355,6138,9385,234638,582,2,111,0,0,323,1
Alistipes_putredinis_61533,700032133,ERR912175,1998,1434884,246249,931018,800,512,25053,93553,780,360,221196,837465,20,152,96041,2410312,6042,10852,269141,666,3,148,1,0,359,1
Alistipes_putredinis_61533,700032133,SRR413582,1599,1407839,240701,913411,576,450,23311,87084,562,345,217390,826327,14,105,95346,2377623,6012,10054,250586,612,2,103,0,2,341,2
Alistipes_putredinis_61533,700032133,SRR413603,3001,1423021,243857,923276,1161,761,43296,164213,1144,587,200561,759063,17,174,87198,2184423,5568,18956,472567,1116,3,170,1,1,582,4
Alistipes_putredinis_61533,700032133,SRR413629,2940,1434104,246105,930523,1146,744,40684,153119,1122,569,205421,777404,24,175,89227,2237294,5691,17606,440719,1032,2,172,1,0,566,3
Alistipes_putredinis_61533,700032133,SRR413653,3243,1432255,245795,929312,1266,820,45913,173627,1232,638,199882,755685,34,182,86713,2174819,5523,20007,499713,1161,4,177,1,0,634,4
Alistipes_putredinis_61533,700032133,mickey3-11-30-0_,1543,1433927,245983,930341,633,397,17921,66933,622,305,228062,863408,11,92,99189,2484762,6273,7723,192641,435,1,91,0,0,304,1
Alistipes_putredinis_61533,700033435,700163868,738,1376338,235173,892943,264,185,7473,28357,255,130,227700,864586,9,55,99678,2487969,6111,3442,81437,192,1,54,0,2,128,0
Alistipes_putredinis_61533,700033665,700113867,2426,1416448,242857,918987,959,570,34177,130444,943,454,208680,788543,16,116,90858,2268990,5781,14856,375645,831,2,113,1,4,447,3
Alistipes_putredinis_61533,700033665,ERR912030,2022,1416525,242855,919066,802,447,25933,99597,785,320,216922,819469,17,127,94331,2358076,6000,11394,286788,609,2,125,0,1,317,2
Alistipes_putredinis_61533,700033665,ERR912162,2655,1416078,242738,918756,1045,610,31450,120150,1003,422,211288,798606,42,188,91924,2298023,5871,13785,345930,735,3,184,1,3,417,2
Alistipes_putredinis_61533,700033665,SRR413559,2024,1413394,242283,917006,853,420,20687,79275,821,317,221596,837731,32,103,96293,2410792,6108,9166,228170,489,0,102,1,1,316,0
Alistipes_putredinis_61533,700033665,SRR413579,1588,1281594,216567,831787,604,353,18540,70966,563,210,198027,760821,41,143,89000,2187541,5922,8083,204395,420,1,141,1,0,209,1
Alistipes_putredinis_61533,700033665,SRR413625,1501,1416206,242826,918832,550,390,20985,80438,532,276,221841,838394,18,114,96537,2412498,6147,9162,231684,468,2,112,0,1,274,1
Alistipes_putredinis_61533,700033665,SRR413626,2773,1412286,242130,916289,1086,696,35274,132798,1035,540,206856,783491,51,156,90334,2254433,5706,15046,382469,879,3,152,1,1,537,2
Alistipes_putredinis_61533,700033797,700034622,1645,1415677,242388,918415,666,357,24403,92250,654,286,217985,826165,12,71,95345,2377159,5991,10460,265699,591,0,71,0,1,285,0
Alistipes_putredinis_61533,700033797,700037008,1911,1414891,242239,917903,758,421,29778,113341,745,330,212461,804562,13,91,92897,2314984,5805,12870,326373,780,5,86,0,0,330,0
Alistipes_putredinis_61533,700033797,700037916,1793,1413747,242038,917184,712,415,23384,88354,684,303,218654,828830,28,112,95500,2385008,5982,10195,254279,588,0,112,0,2,300,1
Alistipes_putredinis_61533,700033797,700095524,3032,1407180,240933,912880,1186,753,49374,187588,1159,600,191559,725292,27,153,83818,2086730,5328,21399,540117,1248,2,150,1,0,597,3
Alistipes_putredinis_61533,700033797,700098932,3881,1409691,241363,914564,1549,931,47187,177571,1526,783,194176,736993,23,148,85325,2120437,5217,20095,511376,1242,2,145,1,4,776,3
Alistipes_putredinis_61533,700033797,700122408,1386,1414260,242151,917520,539,327,22305,85230,524,243,219846,832290,15,84,95911,2394950,6009,9824,245329,537,5,79,0,2,241,0
Alistipes_putredinis_61533,700033797,ERR911960,1541,1416202,242493,918772,621,334,20715,79160,600,266,221778,839612,21,68,96659,2416099,6078,9158,227815,507,0,68,0,1,265,0
Alistipes_putredinis_61533,700033797,ERR911963,1615,1416280,242531,918832,629,374,28485,108687,618,298,214046,810145,11,76,93386,2331310,5739,12474,312759,828,2,74,0,0,298,0
Alistipes_putredinis_61533,700033797,ERR911966,2888,1401884,240078,909513,1089,743,43105,165137,1061,591,196973,744376,28,152,85618,2142140,5370,19156,475109,1146,3,149,0,0,584,7
Alistipes_putredinis_61533,700033797,ERR911988,1418,1415583,242349,918401,567,323,20722,78718,544,244,221627,839683,23,79,96720,2416290,6039,9072,226551,531,0,79,0,1,242,1
Alistipes_putredinis_61533,700033797,ERR911995,3114,1407830,240972,913360,1246,777,46613,176890,1208,653,194359,736470,38,124,85064,2118958,5388,20188,509324,1158,1,123,0,2,649,2
Alistipes_putredinis_61533,700033797,ERR911996,3175,1409840,241355,914710,1253,745,39161,149802,1233,599,202194,764908,20,146,88045,2201186,5493,17327,431014,1065,2,144,0,2,597,0
Alistipes_putredinis_61533,700033797,ERR911999,2821,1413859,242044,917283,1087,716,40405,154061,1042,539,201639,763222,45,177,88142,2195959,5565,17584,443570,1029,1,176,0,2,533,4
Alistipes_putredinis_61533,700033797,ERR912000,2725,1414326,242142,917575,1042,727,39906,151966,1014,570,202236,765609,28,157,88418,2202829,5580,17308,437585,1005,2,155,0,1,565,4
Alistipes_putredinis_61533,700033797,ERR912026,2747,1413717,242066,917138,1066,718,36625,138309,1044,556,205441,778829,22,162,89841,2240991,5655,15841,398162,924,6,155,1,0,555,1
Alistipes_putredinis_61533,700033797,ERR912033,2863,1413734,242061,917163,1121,728,42083,159444,1093,573,199978,757719,28,155,87586,2180021,5550,18092,459208,1032,1,154,0,2,566,5
Alistipes_putredinis_61533,700033797,ERR912041,2118,1399965,239523,908180,854,487,29966,114151,837,389,209557,794029,17,98,91381,2284991,5715,13274,328360,819,2,96,0,1,388,0
Alistipes_putredinis_61533,700033797,ERR912048,2573,1407674,240939,913173,998,661,43319,164884,980,532,197620,748289,18,129,86416,2152991,5460,18802,474758,1092,2,127,0,1,527,4
Alistipes_putredinis_61533,700033797,ERR912062,2184,1416025,242438,918678,852,549,30881,117959,825,430,211557,800719,27,119,92159,2304229,5769,13706,339355,816,2,117,0,4,425,1
Alistipes_putredinis_61533,700033797,ERR912063,2001,1415902,242396,918594,786,464,26842,101912,768,379,215554,816682,18,85,94196,2349943,5907,11654,293416,666,1,84,0,1,378,0
Alistipes_putredinis_61533,700033797,ERR912064,1548,1413732,242072,917128,642,319,23975,91034,623,246,218097,826094,19,73,95200,2377142,5940,10475,261982,645,1,72,0,1,245,0
Alistipes_putredinis_61533,700033797,ERR912071,1673,1417912,242775,919895,649,396,22666,86257,634,311,220109,833638,15,85,96074,2398855,5985,9923,248254,594,2,83,0,2,309,0
Alistipes_putredinis_61533,700033797,ERR912072,3012,1415407,242341,918296,1196,732,42868,163026,1170,564,199473,755270,26,168,87125,2173177,5508,18678,469341,1059,1,166,1,3,557,4
Alistipes_putredinis_61533,700033797,ERR912086,1512,1417144,242646,919395,602,344,21269,81095,582,256,221377,838300,20,88,96622,2412227,6051,9315,233430,540,1,87,0,1,255,0
Alistipes_putredinis_61533,700033797,ERR912100,2689,1415907,242404,918597,1048,684,41393,157700,1020,528,201011,760897,28,156,87790,2189393,5508,18041,453976,1083,2,154,0,0,523,5
Alistipes_putredinis_61533,700033797,ERR912103,2733,1414761,242212,917867,1046,716,43210,164820,1020,565,199002,753047,26,151,86943,2166753,5445,18843,474498,1119,1,150,0,1,561,3
Alistipes_putredinis_61533,700033797,ERR912144,2078,1414393,242183,917594,803,504,28436,108002,769,388,213747,809592,34,116,93324,2329590,5862,12397,310898,711,4,112,0,3,385,0
Alistipes_putredinis_61533,700033797,ERR912152,2013,1413335,242036,916925,793,489,22768,86846,758,339,219268,830079,35,150,95607,2388615,6015,10063,249920,555,3,147,0,1,337,1
Alistipes_putredinis_61533,700033797,ERR912159,1837,1414201,242163,917488,724,455,26630,99880,706,344,215533,817608,18,111,94425,2352537,5862,11273,287653,714,1,110,0,1,342,1
Alistipes_putredinis_61533,700033797,ERR912175,2084,1414557,242218,917718,847,486,27944,105757,824,357,214274,811961,23,129,93625,2336468,5790,12096,304395,780,2,126,1,0,356,1
Alistipes_putredinis_61533,700033797,SRR413582,1879,1392542,237766,903405,731,433,25691,97268,708,345,212075,806137,23,88,93347,2319256,5808,11159,279943,702,2,86,0,2,341,2
Alistipes_putredinis_61533,700033797,SRR413603,3133,1404417,240273,911084,1217,754,48872,186242,1191,587,191401,724842,26,167,83786,2085412,5328,21297,536190,1239,2,164,1,2,581,4
Alistipes_putredinis_61533,700033797,SRR413629,3085,1414502,242198,917683,1204,739,46159,175548,1175,588,196039,742135,29,151,85651,2135336,5418,20080,505397,1167,2,149,0,0,584,4
Alistipes_putredinis_61533,700033797,mickey3-11-30-0_,1855,1412855,241852,916551,752,447,23485,88931,734,366,218367,827620,18,81,95537,2381329,5994,10142,256069,582,1,80,0,0,365,1
Alistipes_putredinis_61533,700033922,700035157,2955,1382477,237111,897025,1191,670,52997,200733,1144,539,184114,696292,47,131,79770,2004102,5004,23344,577577,1278,2,129,0,1,536,2
Alistipes_putredinis_61533,700033922,ERR911957,2255,1389747,238356,901718,915,533,35107,133684,869,418,203249,768034,46,115,87888,2210697,5517,15800,384457,795,1,114,0,2,416,0
Alistipes_putredinis_61533,700033922,ERR911976,2147,1392052,238769,903184,877,499,35062,133718,831,360,203707,769466,46,139,88127,2214733,5538,15693,384672,789,2,137,0,1,359,0
Alistipes_putredinis_61533,700033922,ERR911977,2233,1393255,238978,903976,921,512,29572,112875,858,372,209406,791101,63,140,90676,2276960,5667,13227,324732,666,2,138,0,2,370,0
Alistipes_putredinis_61533,700033922,ERR912170,2226,1392572,238840,903530,883,555,31872,121379,839,405,206968,782151,44,150,89537,2251321,5595,14313,349092,732,2,148,0,2,403,0
Alistipes_putredinis_61533,700034565,700038158,2610,1367014,233141,886639,1046,600,31443,120701,1018,430,201698,765938,28,170,88792,2203364,5658,14044,347249,810,3,165,2,5,422,3
Alistipes_putredinis_61533,700034565,700038594,2693,1405484,241212,911887,1063,671,27995,104657,1031,519,213217,807230,32,152,92867,2322982,5841,11893,301304,774,1,151,0,5,511,3
Alistipes_putredinis_61533,700034565,700105940,1708,1413828,242615,917310,647,479,17950,68212,620,357,224665,849098,27,122,97472,2443678,6144,7899,196248,489,3,119,0,3,352,2
Alistipes_putredinis_61533,700034565,ERR912046,2398,1404706,240911,911279,937,597,27177,103965,902,441,213734,807314,35,156,92528,2323513,5901,12151,299030,714,2,152,2,3,435,3
Alistipes_putredinis_61533,700034622,700037008,1361,1438448,246846,933269,539,347,17162,64630,509,245,229684,868639,30,102,99873,2499780,6264,7254,186147,489,5,97,0,0,245,0
Alistipes_putredinis_61533,700034622,700037916,1213,1435483,246356,931331,489,299,14334,54156,466,209,232022,877175,23,90,100783,2524346,6396,6149,155980,339,1,89,0,1,207,1
Alistipes_putredinis_61533,700034622,700095524,2421,1431380,245636,928677,949,645,39233,148021,921,487,206403,780656,28,158,89689,2246516,5763,16936,426140,987,2,155,1,0,484,3
Alistipes_putredinis_61533,700034622,700098932,3409,1431998,245741,929101,1385,820,37027,137902,1361,680,208714,791199,24,140,91233,2276694,5670,15477,397281,948,2,137,1,4,673,3
Alistipes_putredinis_61533,700034622,700122408,864,1435740,246372,931499,328,223,13353,49962,311,160,233019,881537,17,63,101332,2536895,6384,5626,143939,321,5,58,0,2,158,0
Alistipes_putredinis_61533,700034622,700124561,2668,1432432,245747,929350,1015,718,40298,153068,993,541,205449,776282,22,177,89078,2234125,5643,17661,440472,1071,1,175,1,2,535,4
Alistipes_putredinis_61533,700034622,700161342,3041,1430633,245447,928241,1173,752,39997,151757,1147,572,205450,776484,26,180,89204,2234551,5697,17365,436904,1002,2,177,1,2,565,5
Alistipes_putredinis_61533,700034622,ERR911954,3130,1435118,246345,931099,1219,794,43821,165272,1188,637,202524,765827,31,157,87962,2203894,5625,18909,475773,1134,2,154,1,1,632,4
Alistipes_putredinis_61533,700034622,ERR911960,1013,1438346,246877,933184,393,235,10620,39998,376,172,236257,893186,17,63,102511,2570534,6513,4561,115202,231,1,62,0,0,172,0
Alistipes_putredinis_61533,700034622,ERR911963,1286,1438439,246915,933257,520,298,16268,61087,508,228,230647,872170,12,70,100270,2509937,6303,6852,175977,432,2,68,0,0,228,0
Alistipes_putredinis_61533,700034622,ERR911966,2228,1426110,244797,925316,820,612,29637,113425,787,471,215160,811891,33,141,93144,2336604,5925,13045,326471,759,2,139,0,0,464,7
Alistipes_putredinis_61533,700034622,ERR911970,3376,1428992,245238,927130,1272,863,43040,162174,1248,684,202198,764956,24,179,88058,2201209,5601,18430,466994,1098,2,177,0,1,679,4
Alistipes_putredinis_61533,700034622,ERR911988,856,1437825,246745,932876,335,211,13094,49505,316,153,233651,883371,19,58,101398,2542292,6423,5659,142538,318,0,58,0,1,151,1
Alistipes_putredinis_61533,700034622,ERR911995,2850,1428913,245165,927097,1143,713,45690,170998,1113,582,199475,756099,30,131,87354,2175408,5535,19098,492723,1173,4,127,0,0,580,2
Alistipes_putredinis_61533,700034622,ERR911996,2730,1432016,245721,929149,1081,657,31900,121371,1066,536,213821,807778,15,121,92686,2324804,5844,13952,349279,882,1,120,0,2,534,0
Alistipes_putredinis_61533,700034622,ERR911999,2307,1436106,246429,931770,881,615,35792,135951,846,462,210637,795819,35,153,91554,2290014,5889,15438,391539,876,2,151,0,1,457,4
Alistipes_putredinis_61533,700034622,ERR912000,2189,1436674,246545,932135,809,634,27356,103687,779,465,219189,828448,30,169,95223,2384055,6066,11776,298595,690,3,166,0,0,461,4
Alistipes_putredinis_61533,700034622,ERR912007,3085,1419127,243448,920642,1193,795,39403,148699,1165,637,204045,771943,28,158,88623,2221563,5643,17044,428015,1038,3,155,0,2,631,4
Alistipes_putredinis_61533,700034622,ERR912026,2435,1436035,246487,931684,953,660,30720,114635,931,518,215767,817049,22,142,94003,2351183,5961,12955,330164,786,5,137,0,0,516,2
Alistipes_putredinis_61533,700034622,ERR912033,2366,1436070,246468,931717,912,632,31990,120413,887,456,214478,811304,25,176,93291,2334675,5946,13655,346783,801,2,174,0,1,450,5
Alistipes_putredinis_61533,700034622,ERR912041,1570,1421741,243847,922368,630,392,18291,69360,614,308,225556,853008,16,84,97820,2455006,6198,8076,199506,498,2,82,0,1,307,0
Alistipes_putredinis_61533,700034622,ERR912048,2013,1429979,245343,927699,748,566,28076,106335,725,418,217267,821364,23,148,94332,2363772,5988,12154,306119,732,3,145,0,0,414,4
Alistipes_putredinis_61533,700034622,ERR912062,1874,1437923,246773,932929,704,494,23064,87374,676,364,223709,845555,28,130,97037,2433445,6183,10069,251480,573,5,125,0,3,360,1
Alistipes_putredinis_61533,700034622,ERR912063,1462,1438081,246780,933034,559,368,16127,60389,529,265,230653,872645,30,103,100248,2511381,6306,6864,173874,429,2,100,1,0,265,0
Alistipes_putredinis_61533,700034622,ERR912064,1074,1435932,246452,931580,431,230,12851,48381,420,171,233601,883199,11,59,101360,2541835,6402,5583,139215,345,1,58,0,1,170,0
Alistipes_putredinis_61533,700034622,ERR912071,1126,1440228,247187,934429,427,291,12702,47807,414,212,234485,886622,13,79,101734,2551745,6387,5531,137536,354,2,77,0,2,210,0
Alistipes_putredinis_61533,700034622,ERR912072,2501,1437401,246684,932619,985,631,31807,120166,951,456,214877,812453,34,175,93311,2338108,5940,13737,345978,783,3,171,1,1,451,4
Alistipes_putredinis_61533,700034622,ERR912086,971,1439419,247063,933896,383,241,11275,42468,368,170,235788,891428,15,71,102347,2565448,6489,4852,122288,264,2,69,0,0,170,0
Alistipes_putredinis_61533,700034622,ERR912100,2142,1438096,246781,933046,814,584,31021,117335,780,421,215760,815711,34,163,93662,2347573,5898,13426,337724,855,2,161,0,0,416,5
Alistipes_putredinis_61533,700034622,ERR912103,2155,1437124,246621,932422,804,599,29920,113702,779,459,216701,818720,25,140,94072,2356148,5940,12983,327331,792,2,138,0,0,456,3
Alistipes_putredinis_61533,700034622,ERR912111,2825,1434941,246238,930973,1074,750,38491,146277,1055,620,207747,784696,19,130,90227,2258092,5769,16666,421172,993,3,127,0,1,615,4
Alistipes_putredinis_61533,700034622,ERR912124,2766,1435484,246378,931363,1069,702,37295,141489,1030,532,209083,789874,39,170,90703,2273117,5802,16184,407335,948,3,167,0,0,527,5
Alistipes_putredinis_61533,700034622,ERR912144,1557,1436530,246552,932002,603,388,18771,70891,571,284,227781,861111,32,104,98859,2478195,6279,8124,204084,465,5,99,0,2,282,0
Alistipes_putredinis_61533,700034622,ERR912152,1545,1435478,246406,931343,599,405,14043,52490,571,263,232363,878853,28,142,100933,2529197,6429,6002,151153,315,3,139,0,1,261,1
Alistipes_putredinis_61533,700034622,ERR912159,1298,1436058,246479,931729,507,347,14731,54581,491,245,231748,877148,16,102,100863,2524215,6366,6082,157286,375,2,100,0,0,244,1
Alistipes_putredinis_61533,700034622,ERR912175,1439,1436337,246531,931905,592,358,16881,63922,560,243,229650,867983,32,115,99645,2498037,6267,7327,183974,465,1,113,1,0,242,1
Alistipes_putredinis_61533,700034622,SRR413582,1400,1408433,240826,913761,515,365,18049,67365,490,261,222777,846396,25,104,97778,2435239,6171,7630,193994,471,2,102,0,2,257,2
Alistipes_putredinis_61533,700034622,SRR413603,2692,1423932,244036,923794,1036,674,39968,152401,1010,510,204068,771393,26,164,88723,2219768,5688,17467,438713,1023,3,161,0,1,504,5
Alistipes_putredinis_61533,700034622,SRR413629,2607,1436704,246555,932154,1013,650,35969,135875,985,492,210586,796279,28,158,91522,2291495,5820,15475,391226,924,2,156,0,0,488,4
Alistipes_putredinis_61533,700034622,SRR413653,2920,1434910,246253,930982,1134,736,39302,148776,1086,554,206951,782206,48,182,89859,2251053,5706,17027,428296,1005,4,178,0,0,549,5
Alistipes_putredinis_61533,700034622,mickey3-11-30-0_,1356,1433944,246012,930285,544,349,15967,60222,523,251,230045,870063,21,98,99993,2503842,6354,6889,173408,369,1,97,0,0,250,1
Alistipes_putredinis_61533,700034926,700037284,1636,1347511,229813,874158,627,429,17657,66586,611,314,212156,807572,16,115,93631,2323298,5787,7622,191737,399,3,112,0,4,310,0
Alistipes_putredinis_61533,700034926,700038956,2950,1357452,231953,880662,1172,769,39598,149583,1143,619,192355,731079,29,150,84742,2103296,5199,16964,430792,993,2,148,0,4,611,4
Alistipes_putredinis_61533,700034926,700095213,1776,1351804,230900,876921,720,460,18669,70927,705,312,212231,805994,15,148,93213,2318967,5802,8218,204185,378,1,147,0,4,308,0
Alistipes_putredinis_61533,700034926,700097973,2185,1349872,230623,875634,857,574,30882,116593,825,406,199741,759041,32,168,87897,2183832,5394,13271,335848,660,2,166,0,4,400,2
Alistipes_putredinis_61533,700034926,700103558,1662,1359472,232273,881985,685,395,20503,77193,670,282,211770,804792,15,113,92992,2315654,5730,8920,222158,501,4,109,0,3,279,0
Alistipes_putredinis_61533,700034926,700105991,2354,1359887,232367,882253,972,559,35964,136955,953,417,196403,745298,19,142,86001,2144631,5262,15923,393988,954,0,142,0,7,408,2
Alistipes_putredinis_61533,700034926,700106412,1653,1358090,232046,881083,681,398,20876,78727,668,281,211170,802356,13,117,92724,2308614,5730,9069,226611,501,4,113,0,3,278,0
Alistipes_putredinis_61533,700034926,700107398,1268,1349493,230593,875557,495,345,12564,47276,478,231,218029,828281,17,114,95742,2383185,5916,5391,136194,243,2,112,0,1,230,0
Alistipes_putredinis_61533,700034926,700109449,2406,1357393,231991,880625,981,563,30870,116490,961,405,201121,764135,20,158,88520,2198335,5550,13209,335637,624,1,157,0,6,399,0
Alistipes_putredinis_61533,700034926,700111439,1921,1356416,231769,879973,782,460,22702,85505,767,322,209067,794468,15,138,91821,2285892,5691,9822,246156,537,3,135,0,3,319,0
Alistipes_putredinis_61533,700034926,700116028,1958,1357412,231985,880627,782,495,22229,84350,753,355,209756,796277,29,140,92056,2291048,5727,9698,242878,474,1,139,0,3,352,0
Alistipes_putredinis_61533,700034926,700116865,1577,1355956,231714,879633,654,359,25853,99163,642,230,205861,780470,12,129,90084,2245740,5586,11593,285281,615,1,128,0,3,227,0
Alistipes_putredinis_61533,700034926,700173320,1835,1356845,231790,880243,756,420,25020,94148,740,277,206770,786095,16,143,90819,2261868,5598,10913,270982,549,2,141,0,3,274,0
Alistipes_putredinis_61533,700034926,ERR911998,1724,1359185,232270,881758,683,480,22988,86918,667,353,209282,794840,16,127,91972,2286881,5667,9912,250299,543,2,125,0,3,350,0
Alistipes_putredinis_61533,700034926,ERR912012,3300,1354507,231414,878746,1263,853,43095,164214,1240,661,188319,714532,23,192,82478,2055892,5226,19057,472625,960,2,190,0,3,657,1
Alistipes_putredinis_61533,700034926,ERR912052,2098,1357189,231922,880444,822,567,26077,97623,798,419,205845,782821,24,148,90600,2252223,5640,11141,281164,564,3,145,0,3,415,1
Alistipes_putredinis_61533,700034926,ERR912114,2794,1356712,231800,880130,1134,678,39440,148801,1115,523,192360,731329,19,155,84696,2104086,5205,16981,428423,999,0,155,0,7,515,1
Alistipes_putredinis_61533,700034926,ERR912187,2082,1355260,231635,879212,842,585,21755,81437,805,394,209880,797775,37,191,92322,2295243,5760,9296,234553,462,2,187,2,4,390,0
Alistipes_putredinis_61533,700034926,ERR912194,2776,1354573,231415,878769,1136,665,39624,149614,1118,526,191791,729155,18,139,84523,2097761,5181,17007,430854,981,2,137,0,5,520,1
Alistipes_putredinis_61533,700035157,700037967,2024,1386662,237878,899735,814,471,24101,91331,782,347,213777,808404,32,124,92736,2326731,5745,10603,262814,576,0,124,0,1,344,2
Alistipes_putredinis_61533,700035157,700038761,1095,1372456,234762,890318,438,262,12438,47437,415,189,222324,842881,23,73,97350,2425296,5997,5412,136590,309,1,72,0,1,187,1
Alistipes_putredinis_61533,700035157,700097688,2528,1380699,236711,895864,1032,591,37257,140732,996,453,199454,755132,36,138,86837,2173276,5283,16157,405103,936,2,136,0,3,447,3
Alistipes_putredinis_61533,700035157,700121919,2168,1389397,238325,901567,810,600,33869,129110,774,476,204456,772457,36,124,88777,2223077,5517,14787,371766,777,1,122,1,4,470,2
Alistipes_putredinis_61533,700035157,ERR911957,1718,1388920,238308,901239,669,385,24852,94835,638,298,213456,806404,31,87,92763,2320704,5745,10767,273156,582,0,87,0,0,296,2
Alistipes_putredinis_61533,700035157,ERR911968,1642,1386992,237964,899962,604,434,18439,71182,510,255,219525,828780,94,179,95238,2385210,5892,8136,204957,453,1,178,0,0,253,2
Alistipes_putredinis_61533,700035157,ERR911976,1678,1392489,238952,903543,637,406,23245,89109,613,320,215707,814434,24,86,93556,2343950,5796,10181,256600,546,0,86,0,0,318,2
Alistipes_putredinis_61533,700035157,ERR911977,1723,1392749,239010,903716,675,394,24920,94818,630,291,214090,808898,45,103,93067,2327870,5757,10712,273157,585,1,101,1,0,290,1
Alistipes_putredinis_61533,700035157,ERR911990,2532,1389012,238376,901290,941,651,33227,126321,907,469,205149,774969,34,182,89015,2230468,5424,14517,363579,867,2,179,1,0,467,2
Alistipes_putredinis_61533,700035157,ERR912066,2507,1392169,238835,903365,949,634,37076,140453,886,427,201759,762912,63,207,87791,2195488,5457,15960,404511,888,2,205,0,0,424,3
Alistipes_putredinis_61533,700035157,ERR912170,1639,1391960,238844,903200,619,411,26468,100351,590,302,212376,802849,29,109,92168,2310685,5694,11543,288880,630,1,108,0,0,300,2
Alistipes_putredinis_61533,700037008,700037916,1750,1434667,246188,930795,708,427,24530,93010,688,325,221658,837785,20,102,96273,2410977,6105,10601,267790,639,3,99,0,2,322,1
Alistipes_putredinis_61533,700037008,700095524,2676,1429885,245375,927678,1037,719,44905,170167,1004,561,200470,757511,33,158,86942,2180014,5577,19588,489740,1173,4,152,2,1,558,2
Alistipes_putredinis_61533,700037008,700098932,3756,1430726,245496,928258,1525,917,41503,155267,1503,776,203993,772991,22,141,89232,2224206,5535,17401,447317,1083,2,138,1,7,766,3
Alistipes_putredinis_61533,700037008,700122408,1096,1435086,246239,931061,436,271,17740,67210,429,198,228499,863851,7,73,99395,2485936,6222,7517,193621,492,8,65,0,0,198,0
Alistipes_putredinis_61533,700037008,700124561,2999,1431078,245503,928450,1132,823,46206,175099,1097,630,199297,753351,35,193,86454,2168142,5457,20204,503833,1260,5,186,2,1,626,3
Alistipes_putredinis_61533,700037008,700161342,3100,1430086,245331,927873,1190,780,44722,169263,1156,596,200609,758610,34,184,87253,2183042,5535,19298,487321,1170,4,178,2,3,589,4
Alistipes_putredinis_61533,700037008,ERR911954,3216,1434424,246214,930636,1234,841,50133,188796,1201,668,196081,741840,33,173,85298,2134813,5409,21545,543490,1353,5,166,2,1,664,3
Alistipes_putredinis_61533,700037008,ERR911960,1343,1437696,246742,932763,529,321,18611,71047,510,257,228131,861716,19,64,98926,2479964,6258,8108,204541,492,3,61,0,1,256,0
Alistipes_putredinis_61533,700037008,ERR911963,1355,1438074,246823,933015,574,283,18155,68968,566,221,228668,864047,8,62,99350,2486554,6237,7761,198639,504,3,59,0,0,221,0
Alistipes_putredinis_61533,700037008,ERR911966,2575,1424850,244561,924478,948,720,33133,126659,906,570,211428,797819,42,150,91532,2296144,5781,14574,364488,915,5,144,1,2,562,6
Alistipes_putredinis_61533,700037008,ERR911970,3642,1428328,245112,926678,1366,946,44831,169052,1324,746,200281,757626,42,200,87292,2180063,5523,19165,486809,1182,5,194,1,1,742,3
Alistipes_putredinis_61533,700037008,ERR911988,1183,1437072,246609,932374,465,296,13840,52193,439,213,232769,880181,26,83,101067,2533140,6336,5944,150227,408,4,79,0,0,212,1
Alistipes_putredinis_61533,700037008,ERR911995,2970,1428103,245018,926559,1179,743,44811,168716,1145,589,200207,757843,34,154,87233,2180722,5574,19174,485834,1140,5,149,0,1,586,2
Alistipes_putredinis_61533,700037008,ERR911996,2801,1431541,245620,928833,1125,645,32340,123365,1115,560,213280,805468,10,85,92406,2318181,5817,14216,354958,921,2,83,0,4,556,0
Alistipes_putredinis_61533,700037008,ERR911999,2564,1435365,246279,931273,970,677,32635,123557,913,493,213644,807716,57,184,92878,2324351,5919,14076,355749,846,5,178,1,1,489,3
Alistipes_putredinis_61533,700037008,ERR912000,2367,1435865,246394,931591,879,678,28399,107491,835,501,217995,824100,44,177,94690,2371634,5976,12263,309430,780,6,170,1,0,498,3
Alistipes_putredinis_61533,700037008,ERR912007,3138,1418811,243365,920434,1192,844,44163,167192,1157,662,199202,753242,35,182,86556,2167689,5481,19115,481249,1212,5,176,1,3,656,3
Alistipes_putredinis_61533,700037008,ERR912026,2524,1435083,246307,931049,1002,655,30764,115109,976,514,215543,815940,26,141,93756,2348130,5934,13144,331373,810,7,134,0,1,511,2
Alistipes_putredinis_61533,700037008,ERR912033,2618,1435109,246279,931080,1004,698,32777,123196,963,511,213502,807884,41,187,92902,2324858,5892,13995,354735,858,5,181,1,1,506,4
Alistipes_putredinis_61533,700037008,ERR912041,1997,1420705,243665,921690,800,500,28585,108497,784,398,215080,813193,16,102,93349,2340365,5865,12480,312171,840,4,98,0,2,396,0
Alistipes_putredinis_61533,700037008,ERR912048,2291,1428906,245143,926995,853,637,29463,111307,819,470,215680,815688,34,167,93734,2347405,5925,12695,320428,798,6,160,1,0,467,3
Alistipes_putredinis_61533,700037008,ERR912062,2094,1437177,246623,932441,799,529,27112,103009,771,392,219511,829432,28,137,95122,2387147,6027,11948,296347,732,7,130,0,4,387,1
Alistipes_putredinis_61533,700037008,ERR912063,1752,1437364,246630,932567,685,434,20734,78076,664,336,225896,854491,21,98,98166,2459151,6156,8904,224739,585,5,92,1,0,336,0
Alistipes_putredinis_61533,700037008,ERR912064,1407,1435092,246291,931023,582,314,18022,68364,563,242,228269,862659,19,72,99083,2482645,6249,7809,196779,504,3,69,0,0,242,0
Alistipes_putredinis_61533,700037008,ERR912071,1164,1439736,247086,934094,465,273,13755,52098,453,212,233331,881996,12,61,101226,2538387,6375,6011,149905,378,3,58,0,2,210,0
Alistipes_putredinis_61533,700037008,ERR912072,2779,1436535,246517,932046,1086,711,38541,145525,1050,547,207976,786521,36,164,90368,2263474,5721,16637,418924,1014,4,158,2,3,541,3
Alistipes_putredinis_61533,700037008,ERR912086,1049,1439006,246965,933614,431,231,15041,57802,415,189,231924,875812,16,42,100466,2520601,6369,6714,166296,396,2,40,0,1,188,0
Alistipes_putredinis_61533,700037008,ERR912100,2399,1437425,246633,932608,905,654,30953,116908,860,467,215680,815700,45,187,93672,2347554,5874,13387,336452,885,5,181,1,0,463,4
Alistipes_putredinis_61533,700037008,ERR912103,2465,1436185,246444,931810,903,697,31606,119594,862,557,214838,812216,41,140,93327,2337462,5859,13677,344229,876,4,136,0,1,553,3
Alistipes_putredinis_61533,700037008,ERR912111,3244,1433888,246045,930287,1234,861,41781,158860,1197,697,204264,771427,37,164,88639,2219984,5658,18193,457289,1098,6,158,0,1,692,4
Alistipes_putredinis_61533,700037008,ERR912124,2794,1434952,246266,931001,1069,730,43586,165053,1036,570,202680,765948,33,160,88112,2204107,5625,18762,475266,1131,4,155,1,2,564,4
Alistipes_putredinis_61533,700037008,ERR912144,1809,1435818,246421,931526,707,435,24242,92218,677,313,222179,839308,30,122,96490,2415353,6081,10451,265543,660,6,116,0,4,309,0
Alistipes_putredinis_61533,700037008,ERR912152,1617,1435061,246313,931058,647,390,14697,55302,615,273,231616,875756,32,117,100573,2520329,6366,6341,159187,378,4,113,0,1,271,1
Alistipes_putredinis_61533,700037008,ERR912159,1462,1435620,246381,931430,588,366,18161,67518,567,270,228220,863912,21,96,99390,2486106,6240,7535,194509,510,3,93,0,0,269,1
Alistipes_putredinis_61533,700037008,ERR912175,1826,1435337,246323,931254,763,418,21907,82883,732,313,224416,848371,31,105,97471,2441507,6135,9434,238612,603,3,101,1,1,311,1
Alistipes_putredinis_61533,700037008,SRR413582,1660,1407872,240702,913390,648,375,19360,73123,616,280,221342,840267,32,95,97056,2417667,6078,8321,210475,573,3,92,0,2,276,2
Alistipes_putredinis_61533,700037008,SRR413603,2711,1423349,243921,923399,1037,694,43495,165180,1006,532,200426,758219,31,162,87359,2181730,5568,18808,475589,1143,5,156,1,2,526,4
Alistipes_putredinis_61533,700037008,SRR413629,2669,1436163,246446,931787,1027,682,39433,148553,992,526,207013,783234,35,156,90132,2253837,5733,16849,427793,1017,4,151,1,1,522,3
Alistipes_putredinis_61533,700037008,SRR413653,2988,1434355,246150,930602,1151,768,44574,167941,1109,589,201576,762661,42,179,87734,2194708,5541,19137,483516,1170,5,173,1,2,583,4
Alistipes_putredinis_61533,700037008,mickey3-11-30-0_,1676,1433121,245848,929741,668,431,18465,69938,647,334,227383,859803,21,97,98895,2474265,6249,7940,201388,486,4,93,0,0,333,1
Alistipes_putredinis_61533,700037284,700038956,3057,1365959,233564,886262,1174,765,42114,159516,1150,656,191450,726746,24,109,84106,2090966,5166,18160,459338,1050,2,107,0,2,650,4
Alistipes_putredinis_61533,700037284,700095213,1642,1362379,232863,883876,630,401,16141,61772,616,275,216722,822104,14,126,94919,2365531,5862,7189,177788,339,2,124,0,2,273,0
Alistipes_putredinis_61533,700037284,700097973,2126,1363134,233065,884355,816,525,28029,106308,800,408,205036,778047,16,117,89881,2238758,5502,12171,306147,606,2,115,0,3,403,2
Alistipes_putredinis_61533,700037284,700103558,1828,1368161,233905,887709,715,438,19174,71755,700,346,214731,815954,15,92,94347,2347662,5853,8117,206737,411,5,87,0,1,345,0
Alistipes_putredinis_61533,700037284,700105991,2402,1369672,234191,888650,951,570,32934,124824,943,459,201257,763826,8,111,88152,2197887,5439,14416,359228,828,2,109,0,4,453,2
Alistipes_putredinis_61533,700037284,700106412,1824,1366659,233640,886758,715,437,19096,71464,705,341,214544,815294,10,96,94270,2345768,5844,8082,205896,414,5,91,0,1,340,0
Alistipes_putredinis_61533,700037284,700107398,1227,1361969,232880,883702,445,306,10888,40838,430,234,221992,842864,15,72,97321,2425295,5976,4645,117653,216,3,69,0,0,234,0
Alistipes_putredinis_61533,700037284,700109449,2292,1367166,233793,887069,883,522,27590,105121,855,370,206203,781948,28,152,90432,2249772,5640,11919,302886,558,2,150,0,3,367,0
Alistipes_putredinis_61533,700037284,700111439,2182,1364936,233359,885615,853,525,22133,83095,839,415,211226,802520,14,110,92737,2309069,5754,9452,239335,498,4,106,0,1,414,0
Alistipes_putredinis_61533,700037284,700116028,1719,1366974,233734,886909,653,415,19626,74002,637,335,214108,812907,16,80,94002,2338905,5814,8359,213215,432,2,78,0,1,334,0
Alistipes_putredinis_61533,700037284,700116865,1459,1364693,233337,885417,562,313,16313,62331,538,223,217024,823086,24,90,94950,2368452,5856,7256,179356,381,2,88,0,1,222,0
Alistipes_putredinis_61533,700037284,700173320,1808,1370026,234201,888892,698,412,21741,81455,681,309,212460,807437,17,103,93288,2323308,5715,9326,234556,483,2,101,0,2,307,0
Alistipes_putredinis_61533,700037284,ERR911998,1568,1370309,234313,889052,599,402,19685,74800,586,313,214628,814252,13,89,94103,2342905,5748,8506,215381,513,2,87,0,0,313,0
Alistipes_putredinis_61533,700037284,ERR912012,3268,1364975,233347,885656,1203,827,40970,155189,1177,682,192377,730467,26,145,84451,2101688,5262,17772,446823,972,3,142,0,5,676,1
Alistipes_putredinis_61533,700037284,ERR912052,1747,1368943,234093,888161,665,470,22701,85173,653,367,211392,802988,12,103,92756,2310436,5772,9744,245274,501,3,100,0,2,364,1
Alistipes_putredinis_61533,700037284,ERR912114,2816,1367321,233794,887088,1092,658,37133,140587,1074,541,196661,746501,18,117,86484,2147772,5247,15879,404886,996,2,115,0,4,536,1
Alistipes_putredinis_61533,700037284,ERR912187,1967,1366782,233757,886780,769,517,21152,78832,746,374,212605,807948,23,143,93503,2324530,5811,8859,227172,465,3,138,2,0,374,0
Alistipes_putredinis_61533,700037284,ERR912194,2828,1365276,233424,885774,1104,658,38004,143754,1088,545,195420,742020,16,113,85859,2134996,5205,16359,413895,1008,2,111,0,4,540,1
Alistipes_putredinis_61533,700037357,700037632,2165,1408016,240771,913405,889,507,27921,105860,864,371,212850,807545,25,136,93199,2323454,5982,12192,304686,702,2,133,1,1,368,2
Alistipes_putredinis_61533,700037357,700037738,779,1404380,240000,911024,294,218,9138,34414,283,134,230862,876610,11,84,101208,2522142,6480,3961,99095,186,2,82,0,0,134,0
Alistipes_putredinis_61533,700037357,700095524,3138,1428090,245084,926544,1282,757,43935,165678,1259,611,201149,760866,23,146,87237,2189712,5649,19165,476774,1095,2,141,3,1,609,1
Alistipes_putredinis_61533,700037357,700116668,3397,1431738,245758,928983,1379,794,44422,168328,1345,636,201336,760655,34,158,87239,2189083,5643,19394,484480,1110,3,155,0,1,634,1
Alistipes_putredinis_61533,700037357,700117303,2181,1427492,244881,926177,862,514,27734,104214,841,383,217147,821963,21,131,94357,2365457,6075,12083,299944,615,1,129,1,3,380,0
Alistipes_putredinis_61533,700037357,700117766,3606,1431467,245727,928811,1481,807,43053,163621,1447,650,202674,765190,34,157,87835,2202080,5655,18800,470965,1098,3,154,0,1,648,1
Alistipes_putredinis_61533,700037357,700124561,3245,1428856,245155,927043,1292,808,43891,166136,1258,648,201264,760907,34,160,87319,2189765,5637,19181,478159,1068,1,157,2,1,646,1
Alistipes_putredinis_61533,700037357,700161342,3458,1427804,244969,926423,1410,784,41545,157817,1387,665,203424,768606,23,119,88263,2211882,5673,18145,454274,1032,4,114,1,1,663,1
Alistipes_putredinis_61533,700037357,ERR911954,3387,1431818,245788,929005,1393,796,43645,165191,1363,681,202143,763814,30,115,87771,2198037,5634,18896,475552,1125,3,112,0,1,679,1
Alistipes_putredinis_61533,700037357,ERR911995,3381,1425426,244606,924871,1383,819,46697,176649,1345,645,197909,748222,38,174,86125,2153075,5466,20081,508639,1227,1,172,1,2,640,3
Alistipes_putredinis_61533,700037357,ERR911999,2949,1431376,245631,928746,1195,687,36869,139901,1165,560,208762,788845,30,127,90649,2270030,5856,16032,402768,903,3,123,1,1,558,1
Alistipes_putredinis_61533,700037357,ERR912000,2838,1431930,245752,929068,1132,706,31690,120817,1103,543,214062,808251,29,163,92742,2326026,5985,13926,347754,771,3,159,1,1,541,1
Alistipes_putredinis_61533,700037357,ERR912007,3327,1416618,243019,919067,1354,809,41212,156074,1320,636,201807,762993,34,173,87479,2195917,5583,18042,449073,1107,4,168,1,2,633,1
Alistipes_putredinis_61533,700037357,ERR912013,3444,1432047,245752,929174,1362,896,48506,183796,1325,720,197246,745378,37,176,85622,2144911,5601,21102,529128,1158,3,171,2,2,717,1
Alistipes_putredinis_61533,700037357,ERR912033,3107,1431077,245603,928504,1251,739,39421,149650,1214,562,206182,778854,37,177,89428,2241350,5784,17185,430814,951,2,174,1,2,558,2
Alistipes_putredinis_61533,700037357,ERR912048,2846,1425307,244554,924707,1132,705,30046,113727,1095,516,214508,810980,37,189,93077,2333863,6000,13098,327375,708,3,185,1,1,514,1
Alistipes_putredinis_61533,700037357,ERR912072,3215,1432857,245911,929709,1298,788,42013,159138,1261,605,203898,770571,37,183,88323,2217690,5700,18432,457965,1017,4,177,2,1,603,1
Alistipes_putredinis_61533,700037357,ERR912100,2890,1433933,246073,930394,1156,699,32978,125254,1119,508,213095,805140,37,191,92343,2317152,5925,14475,360468,819,2,188,1,1,505,2
Alistipes_putredinis_61533,700037357,ERR912103,2926,1433211,245969,929920,1153,735,34977,133180,1124,555,210992,796740,29,180,91368,2292999,5853,15421,383252,867,3,176,1,0,553,2
Alistipes_putredinis_61533,700037357,ERR912111,3299,1431268,245652,928630,1352,778,44420,169811,1325,643,201232,758819,27,135,86940,2183922,5595,19690,488585,1158,3,131,1,2,638,3
Alistipes_putredinis_61533,700037357,ERR912124,3281,1432066,245777,929193,1351,735,39385,149452,1323,608,206392,779741,28,127,89513,2243944,5766,17162,430210,984,3,124,0,1,606,1
Alistipes_putredinis_61533,700037357,SRR413603,3168,1420396,243419,921550,1302,710,40093,152661,1279,584,203326,768889,23,126,88417,2212517,5733,17554,439451,978,4,122,0,1,582,1
Alistipes_putredinis_61533,700037357,SRR413629,3107,1431659,245690,928918,1278,696,38159,144797,1256,562,207531,784121,22,134,90063,2256510,5790,16598,416839,954,3,130,1,0,561,1
Alistipes_putredinis_61533,700037357,SRR413653,3410,1429818,245376,927712,1403,770,42871,163129,1368,615,202505,764583,35,155,87741,2200332,5676,18810,469545,1032,4,151,0,1,613,1
Alistipes_putredinis_61533,700037632,700037738,2081,1392965,237699,903511,846,504,29208,111454,824,353,208491,792057,22,151,91558,2278739,5874,12967,320663,732,2,148,1,2,349,2
Alistipes_putredinis_61533,700037632,700095524,3148,1405318,240292,911588,1287,779,46641,176614,1268,627,193651,734974,19,152,84837,2114562,5523,20377,508316,1149,1,149,2,1,623,3
Alistipes_putredinis_61533,700037632,700117303,2889,1406096,240348,912107,1202,630,35351,133800,1173,442,204997,778307,29,188,89673,2239497,5751,15663,384861,876,0,188,0,3,437,2
Alistipes_putredinis_61533,700037632,ERR911999,2948,1409529,241010,914371,1180,714,42500,162116,1160,584,198510,752255,20,130,86862,2164269,5634,18683,466612,1053,1,129,0,2,579,3
Alistipes_putredinis_61533,700037632,ERR912000,2921,1409866,241069,914568,1169,739,37639,143668,1146,574,203430,770900,23,165,88923,2218068,5709,16599,413430,975,2,163,0,1,570,3
Alistipes_putredinis_61533,700037632,ERR912007,3392,1395789,238619,905354,1378,823,49679,188574,1358,671,188940,716780,20,152,82588,2062439,5313,21855,542556,1311,2,150,0,3,665,3
Alistipes_putredinis_61533,700037632,ERR912033,3206,1408863,240900,913904,1298,772,45507,173153,1270,622,195393,740751,28,150,85515,2131209,5529,19943,498382,1134,1,149,0,2,616,4
Alistipes_putredinis_61533,700037632,ERR912048,2838,1405097,240213,911417,1123,711,37629,143718,1103,552,202584,767699,20,159,88545,2208840,5712,16614,413613,927,2,157,0,1,548,3
Alistipes_putredinis_61533,700037632,ERR912072,3226,1410751,241227,915173,1304,803,46893,178284,1279,634,194334,736889,25,169,84976,2120165,5526,20630,513097,1125,2,166,1,2,629,3
Alistipes_putredinis_61533,700037632,ERR912100,2917,1411938,241428,915932,1165,716,40652,155286,1144,564,200776,760646,21,152,87733,2188538,5667,17955,446895,1008,1,151,0,1,561,2
Alistipes_putredinis_61533,700037632,ERR912103,2967,1411514,241345,915645,1172,754,48891,185805,1146,612,192454,729840,26,142,84258,2099817,5445,21417,534792,1206,1,141,0,1,607,4
Alistipes_putredinis_61533,700037632,ERR912111,3367,1409430,241019,914266,1375,811,46753,179260,1363,664,194266,735006,12,147,84685,2114882,5451,20817,515733,1230,1,146,0,3,656,5
Alistipes_putredinis_61533,700037632,ERR912124,3354,1410792,241268,915186,1373,768,46118,175224,1342,612,195150,739962,31,156,85260,2129097,5529,20313,504207,1152,2,153,1,1,608,3
Alistipes_putredinis_61533,700037632,SRR413603,3274,1402060,239608,909470,1344,750,53753,203666,1326,605,185855,705804,18,145,81461,2030662,5289,23552,586087,1359,2,142,1,2,600,3
Alistipes_putredinis_61533,700037632,SRR413629,3189,1409548,241040,914355,1314,726,46115,175078,1291,589,194925,739277,23,137,85275,2127054,5502,20218,503846,1170,1,136,0,1,585,3
Alistipes_putredinis_61533,700037632,SRR413653,3410,1407795,240745,913211,1404,779,49186,186670,1360,612,191559,726541,44,167,83710,2090525,5388,21684,537078,1248,3,163,1,1,608,3
Alistipes_putredinis_61533,700037738,700037852,3071,1391035,237636,902234,1219,743,46213,175075,1183,628,191423,727159,36,115,84281,2091820,5376,20058,503982,1185,2,112,1,4,623,1
Alistipes_putredinis_61533,700037738,700095524,2858,1402856,239729,909994,1128,733,40931,154362,1103,575,198798,755632,25,158,87353,2173897,5646,17725,444359,1002,1,154,3,2,572,1
Alistipes_putredinis_61533,700037738,700116668,3106,1405702,240256,911875,1247,739,44372,168288,1205,571,195884,743587,42,168,85951,2139281,5529,19279,484460,1125,2,166,0,2,568,1
Alistipes_putredinis_61533,700037738,700117303,1900,1402613,239597,909842,729,469,23668,89704,716,321,215929,820138,13,148,94666,2359697,6051,10447,258116,549,1,146,1,4,317,0
Alistipes_putredinis_61533,700037738,700117766,3365,1405294,240203,911610,1371,756,43648,165746,1336,622,196555,745864,35,134,86332,2145746,5514,18881,477217,1140,3,131,0,1,620,1
Alistipes_putredinis_61533,700037738,700124561,3007,1404742,239981,911229,1167,776,41434,157063,1128,611,198547,754166,39,165,87128,2169760,5610,18117,452058,1014,2,161,2,0,610,1
Alistipes_putredinis_61533,700037738,700161342,3250,1403541,239815,910517,1309,740,41791,158391,1278,628,198024,752126,31,112,87077,2163772,5529,18016,456080,1077,2,109,1,3,624,1
Alistipes_putredinis_61533,700037738,ERR911954,3103,1407489,240583,913001,1256,748,43914,166024,1225,649,196669,746977,31,99,86521,2148917,5493,18863,478036,1173,2,97,0,2,646,1
Alistipes_putredinis_61533,700037738,ERR911970,3524,1402401,239661,909706,1378,853,43555,164722,1346,683,196106,744984,32,170,86123,2143309,5520,18957,474096,1113,1,168,1,2,680,1
Alistipes_putredinis_61533,700037738,ERR911995,2967,1401230,239436,908954,1198,736,44086,166704,1158,529,195350,742250,40,207,85972,2135279,5499,18972,480030,1110,3,203,1,1,525,3
Alistipes_putredinis_61533,700037738,ERR911999,2642,1407353,240486,912958,1043,633,35074,133469,1007,468,205412,779489,36,165,90128,2242552,5787,15301,384224,882,1,163,1,3,464,1
Alistipes_putredinis_61533,700037738,ERR912000,2499,1408280,240651,913533,973,634,33218,126171,949,506,207433,787362,24,128,91055,2265241,5790,14396,363238,879,2,125,1,2,503,1
Alistipes_putredinis_61533,700037738,ERR912007,3129,1392226,237829,903029,1257,761,38866,147454,1220,565,198963,755575,37,196,87106,2174069,5550,17107,424202,1053,2,193,1,3,561,1
Alistipes_putredinis_61533,700037738,ERR912013,3090,1408097,240605,913422,1207,804,48110,182145,1173,654,192495,731277,34,150,84686,2103685,5460,20783,524446,1206,2,146,2,3,650,1
Alistipes_putredinis_61533,700037738,ERR912033,2710,1407802,240584,913218,1071,643,36814,139756,1039,489,203770,773462,32,154,89444,2225206,5736,15998,402358,912,1,152,1,3,484,2
Alistipes_putredinis_61533,700037738,ERR912048,2480,1401181,239380,908848,963,628,30790,116594,929,449,208590,792254,34,179,91558,2279372,5832,13363,335630,789,2,176,1,2,446,1
Alistipes_putredinis_61533,700037738,ERR912072,2909,1408843,240754,913918,1141,740,39548,149537,1111,548,201206,764381,30,192,88317,2199189,5637,17187,430431,993,1,189,2,4,543,1
Alistipes_putredinis_61533,700037738,ERR912100,2606,1409346,240815,914216,1020,639,32588,123986,986,447,208227,790230,34,192,91233,2273646,5811,14300,356812,846,2,189,1,1,444,2
Alistipes_putredinis_61533,700037738,ERR912103,2629,1408661,240713,913789,1010,678,36512,138876,981,502,204201,774913,29,176,89613,2229414,5712,15895,399812,921,1,174,1,2,498,2
Alistipes_putredinis_61533,700037738,ERR912111,2951,1407543,240542,913043,1171,717,43043,165107,1153,562,197499,747936,18,155,86297,2152012,5499,19111,475049,1161,2,152,1,3,556,3
Alistipes_putredinis_61533,700037738,ERR912124,3010,1407465,240540,913005,1223,683,39953,151570,1196,560,200587,761435,27,123,88152,2190489,5664,17218,436499,993,2,121,0,2,557,1
Alistipes_putredinis_61533,700037738,SRR413603,2907,1399437,239019,907746,1180,661,39262,149035,1145,530,199757,758711,35,131,87949,2182562,5622,16905,429192,1008,3,128,0,2,527,1
Alistipes_putredinis_61533,700037738,SRR413629,2853,1408926,240783,913949,1155,647,36841,139157,1129,516,203942,774792,26,131,89705,2228956,5715,15788,400744,939,2,128,1,1,514,1
Alistipes_putredinis_61533,700037738,SRR413653,3142,1407199,240492,912824,1272,717,44169,167513,1241,583,196323,745311,31,134,86244,2144178,5511,19151,482281,1107,3,131,0,2,580,1
Alistipes_putredinis_61533,700037852,700095524,2390,1408208,241106,913365,981,553,29221,110316,956,457,211885,803049,25,96,92791,2310377,5979,12593,317692,663,0,94,2,3,454,0
Alistipes_putredinis_61533,700037852,700110812,2363,1329734,225350,862212,936,527,28331,108278,893,428,197019,753934,43,99,87885,2168142,5775,12728,311476,630,2,96,1,2,426,0
Alistipes_putredinis_61533,700037852,700116668,2743,1412150,241827,915983,1094,633,33528,126428,1054,505,208299,789555,40,128,90870,2271963,5832,14743,363737,804,2,125,1,2,503,0
Alistipes_putredinis_61533,700037852,700117766,3002,1412102,241820,915973,1228,660,33586,127519,1191,545,208234,788454,37,115,90858,2268693,5811,14770,366956,831,2,112,1,2,543,0
Alistipes_putredinis_61533,700037852,700122408,2707,1407873,241019,913205,1083,664,38358,145548,1049,532,202661,767657,34,132,88730,2208592,5649,16646,419065,933,3,128,1,3,526,3
Alistipes_putredinis_61533,700037852,700124429,3264,1405884,240592,911918,1286,740,49708,188145,1258,633,190884,723773,28,107,83461,2082440,5418,21784,541460,1191,2,104,1,4,628,1
Alistipes_putredinis_61533,700037852,700124561,2712,1409433,241248,914173,1064,655,34416,130563,1039,547,206832,783610,25,108,90416,2254579,5835,15072,375831,786,0,107,1,4,543,0
Alistipes_putredinis_61533,700037852,700161342,2783,1408764,241157,913814,1124,597,27781,105288,1085,476,213376,808526,39,121,93129,2326530,5919,12285,302904,675,1,118,2,2,474,0
Alistipes_putredinis_61533,700037852,ERR911954,2697,1411926,241799,915820,1085,622,32198,122108,1029,509,209601,793712,56,113,91519,2283746,5871,14110,351431,783,2,110,1,2,507,0
Alistipes_putredinis_61533,700037852,ERR911956,2908,1410495,241473,914894,1179,671,37207,142115,1156,573,204266,772779,23,98,88957,2223608,5772,16568,408922,855,1,97,0,5,567,1
Alistipes_putredinis_61533,700037852,ERR911960,2808,1408385,241141,913535,1127,691,44969,171143,1104,559,196172,742392,23,132,85781,2135935,5460,19591,492698,1140,1,131,0,3,552,4
Alistipes_putredinis_61533,700037852,ERR911966,2717,1396854,239172,906067,1099,642,31911,122023,1063,502,207261,784044,36,140,90329,2255932,5871,14185,351185,699,3,136,1,2,498,2
Alistipes_putredinis_61533,700037852,ERR911970,3078,1404804,240517,911210,1213,706,34613,131053,1185,564,205904,780157,28,142,90058,2244623,5790,15141,377205,813,1,141,0,2,562,0
Alistipes_putredinis_61533,700037852,ERR911988,2797,1407738,240978,913132,1098,696,37936,143616,1053,544,203042,769516,45,152,88814,2214100,5634,16528,413360,960,1,150,1,3,537,4
Alistipes_putredinis_61533,700037852,ERR911995,2547,1404417,240393,910977,1034,630,34108,128627,994,532,206285,782350,40,98,90488,2250772,5790,14631,370446,804,3,95,0,2,528,2
Alistipes_putredinis_61533,700037852,ERR911999,2059,1411852,241709,915806,826,467,24895,94323,803,362,216814,821483,23,105,94763,2363590,6096,10915,271502,552,0,105,0,2,360,0
Alistipes_putredinis_61533,700037852,ERR912000,1958,1412746,241884,916351,764,488,21693,81701,745,404,220191,834650,19,84,96330,2401464,6156,9357,235251,495,2,82,0,2,402,0
Alistipes_putredinis_61533,700037852,ERR912007,2731,1394773,238689,904609,1093,637,32145,121497,1068,524,206544,783112,25,113,90285,2253291,5760,14061,349611,819,2,111,0,3,521,0
Alistipes_putredinis_61533,700037852,ERR912009,3164,1404926,240657,911246,1277,739,41203,156363,1240,634,199454,754883,37,105,86879,2172208,5562,18296,449737,1056,2,103,0,4,629,1
Alistipes_putredinis_61533,700037852,ERR912013,2648,1411786,241674,915754,1017,699,31849,120225,977,522,209825,795529,40,177,91848,2288820,5919,13830,346116,729,2,174,1,3,519,0
Alistipes_putredinis_61533,700037852,ERR912033,2107,1412553,241843,916225,848,482,22706,85344,823,385,219137,830881,25,97,95874,2390652,6117,9827,245677,528,0,96,1,4,381,0
Alistipes_putredinis_61533,700037852,ERR912048,1672,1406315,240707,912106,667,387,18671,70862,647,296,222036,841244,20,91,96997,2420549,6186,8206,203957,423,2,89,0,2,294,0
Alistipes_putredinis_61533,700037852,ERR912064,2951,1406832,240845,912471,1163,716,44889,170117,1135,584,195956,742354,28,132,85714,2135906,5442,19580,489601,1170,1,131,0,4,576,4
Alistipes_putredinis_61533,700037852,ERR912071,3021,1409267,241289,914112,1175,779,41843,158635,1139,628,199446,755477,36,151,87143,2173750,5538,18335,456505,1065,1,149,1,6,619,3
Alistipes_putredinis_61533,700037852,ERR912072,2338,1412320,241784,916103,941,541,26561,100904,914,405,215223,815199,27,136,93928,2345669,6000,11761,290339,612,1,134,1,4,401,0
Alistipes_putredinis_61533,700037852,ERR912086,2826,1409972,241411,914578,1107,711,38422,145502,1075,558,202989,769076,32,153,88808,2212789,5631,16715,418810,981,2,150,1,3,552,3
Alistipes_putredinis_61533,700037852,ERR912096,3049,1409600,241346,914350,1196,726,31602,119400,1164,576,209744,794950,32,150,91632,2287362,5856,13849,343583,768,2,147,1,6,570,0
Alistipes_putredinis_61533,700037852,ERR912100,1884,1414695,242191,917626,755,426,23104,87946,733,311,219087,829680,22,115,95570,2387404,6066,10271,252982,585,1,114,0,2,308,1
Alistipes_putredinis_61533,700037852,ERR912103,1978,1412652,241826,916305,764,493,22536,86420,735,383,219290,829885,29,110,95689,2387885,6081,10049,248662,549,1,109,0,2,380,1
Alistipes_putredinis_61533,700037852,ERR912111,2630,1409790,241347,914435,1033,648,30765,117289,1010,561,210582,797146,23,87,92051,2293441,5946,13459,337712,696,2,85,0,3,556,2
Alistipes_putredinis_61533,700037852,ERR912124,2548,1412283,241813,916071,1033,557,27089,102555,998,451,214724,813516,35,106,93726,2340822,6000,11908,295112,645,2,103,1,2,449,0
Alistipes_putredinis_61533,700037852,ERR912152,3146,1406636,240873,912424,1237,807,42696,162442,1203,621,198177,749982,34,186,86634,2157783,5529,18659,467599,1068,2,182,2,3,615,3
Alistipes_putredinis_61533,700037852,ERR912159,3043,1406552,240817,912346,1190,818,49732,188241,1161,643,191085,724105,29,175,83782,2083262,5271,21489,541905,1329,2,173,0,3,635,5
Alistipes_putredinis_61533,700037852,SRR413603,2422,1403890,240188,910552,981,526,26516,100568,945,413,213672,809984,36,113,93486,2330487,5979,11618,289456,630,2,110,1,3,410,0
Alistipes_putredinis_61533,700037852,SRR413629,2372,1411989,241761,915863,966,508,26451,100009,938,420,215310,815854,28,88,94034,2347531,5997,11594,287791,642,1,87,0,2,418,0
Alistipes_putredinis_61533,700037852,SRR413653,2690,1410333,241486,914781,1089,589,30752,116366,1058,473,210734,798415,31,116,91942,2297441,5862,13585,334778,735,3,112,1,2,471,0
Alistipes_putredinis_61533,700037852,mickey3-11-30-0_,3124,1406883,240790,912524,1253,783,41000,156104,1217,641,199790,756420,36,142,87405,2176269,5586,17944,449342,1026,1,140,1,3,634,4
Alistipes_putredinis_61533,700037916,700095524,2738,1430275,245430,927946,1097,714,43406,163688,1077,557,202024,764258,20,157,87994,2199104,5676,18587,471412,1065,0,157,0,2,552,3
Alistipes_putredinis_61533,700037916,700098932,3466,1429224,245222,927308,1408,838,37683,140856,1391,694,207539,786452,17,144,90738,2262918,5700,15799,405860,909,2,141,1,4,686,4
Alistipes_putredinis_61533,700037916,700122408,1113,1436240,246431,931843,437,293,16508,62210,418,205,229923,869633,19,88,99981,2502594,6324,7043,179209,378,5,83,0,2,202,1
Alistipes_putredinis_61533,700037916,700124561,2980,1430160,245326,927854,1137,803,45780,173452,1102,618,199546,754402,35,185,86711,2170978,5517,19909,499256,1191,1,184,0,2,612,4
Alistipes_putredinis_61533,700037916,700161342,3269,1430808,245441,928362,1287,821,43831,165473,1252,636,201610,762889,35,185,87800,2195272,5595,18836,476485,1098,2,182,1,2,628,6
Alistipes_putredinis_61533,700037916,ERR911960,1246,1437519,246694,932689,493,320,17488,66231,472,245,229206,866458,21,75,99436,2493599,6339,7617,190677,399,0,75,0,1,243,1
Alistipes_putredinis_61533,700037916,ERR911963,1511,1437481,246713,932662,603,377,18103,68020,580,268,228610,864642,23,109,99368,2488306,6252,7716,195876,468,1,108,0,1,266,1
Alistipes_putredinis_61533,700037916,ERR911966,2572,1423883,244384,923873,983,687,34615,132071,948,528,209769,791802,35,159,90787,2278814,5805,15279,380052,882,3,156,0,1,519,8
Alistipes_putredinis_61533,700037916,ERR911970,3489,1428937,245173,927114,1327,925,46371,174952,1297,744,198802,752162,30,181,86711,2164288,5487,19829,503821,1206,1,180,0,2,737,5
Alistipes_putredinis_61533,700037916,ERR911988,1090,1437020,246580,932378,433,285,12773,47948,406,208,233807,884430,27,77,101529,2545317,6444,5507,138052,285,0,77,0,1,205,2
Alistipes_putredinis_61533,700037916,ERR911995,2846,1428145,245020,926620,1134,781,50100,188203,1097,634,194920,738417,37,147,85285,2124551,5415,21145,542174,1290,3,144,0,1,630,3
Alistipes_putredinis_61533,700037916,ERR911996,2869,1431279,245576,928691,1139,714,36904,140185,1113,605,208672,788506,26,109,90506,2269291,5721,16102,403457,996,1,108,0,4,600,1
Alistipes_putredinis_61533,700037916,ERR911999,2569,1435103,246225,931136,984,700,40137,151544,951,544,206088,779592,33,156,89778,2243226,5772,17185,436466,981,1,155,0,2,537,5
Alistipes_putredinis_61533,700037916,ERR912000,2346,1436149,246416,931813,897,658,32641,123455,866,496,213775,808358,31,162,93020,2326138,5916,13991,355537,837,3,159,0,0,491,5
Alistipes_putredinis_61533,700037916,ERR912007,3273,1418516,243292,920265,1283,875,44887,169588,1253,719,198405,750677,30,156,86334,2160216,5481,19348,488213,1203,2,154,0,3,711,5
Alistipes_putredinis_61533,700037916,ERR912026,2655,1434810,246220,930906,1032,731,33855,125479,1000,570,212365,805427,32,161,92797,2317532,5952,14109,361551,777,6,154,1,1,567,2
Alistipes_putredinis_61533,700037916,ERR912033,2610,1435020,246233,931059,1025,711,36312,136968,992,541,209921,794091,33,170,91466,2284951,5856,15455,394564,885,1,169,0,2,533,6
Alistipes_putredinis_61533,700037916,ERR912041,1556,1419948,243507,921228,634,391,17232,64916,616,307,226275,856312,18,84,98305,2464358,6273,7480,186845,423,0,84,0,3,303,1
Alistipes_putredinis_61533,700037916,ERR912048,2193,1429050,245147,927122,848,597,33836,128120,821,438,211311,799002,27,159,91951,2299175,5880,14520,369000,840,2,157,0,1,432,5
Alistipes_putredinis_61533,700037916,ERR912062,1994,1437579,246663,932734,777,529,24649,93536,743,379,222014,839198,34,150,96369,2415039,6186,10759,269285,564,5,145,0,5,372,2
Alistipes_putredinis_61533,700037916,ERR912063,1628,1437519,246644,932689,632,436,21853,82148,598,316,224791,850541,34,120,97699,2447732,6192,9395,236515,534,1,118,1,1,314,1
Alistipes_putredinis_61533,700037916,ERR912064,1334,1434987,246250,930996,548,322,19774,74454,530,253,226476,856542,18,69,98343,2465055,6228,8579,214273,510,0,69,0,2,250,1
Alistipes_putredinis_61533,700037916,ERR912071,1391,1437765,246734,932850,533,376,16557,62305,508,277,230177,870545,25,99,99919,2505419,6297,7197,179277,441,1,98,0,3,273,1
Alistipes_putredinis_61533,700037916,ERR912072,2734,1436672,246506,932175,1097,705,38922,147032,1070,542,207584,785143,27,163,90347,2259292,5790,16703,423460,933,2,160,1,2,535,5
Alistipes_putredinis_61533,700037916,ERR912086,1223,1438403,246848,933257,487,320,14481,54766,464,221,232367,878491,23,99,100874,2528179,6420,6284,157684,330,1,98,0,1,219,1
Alistipes_putredinis_61533,700037916,ERR912100,2400,1437322,246605,932565,936,665,35658,134617,903,489,210947,797948,33,176,91667,2296369,5808,15408,387504,939,1,175,0,1,482,6
Alistipes_putredinis_61533,700037916,ERR912103,2465,1436293,246441,931898,930,707,35140,133578,893,538,211301,798320,37,169,91748,2297413,5799,15293,384517,924,1,168,0,1,533,4
Alistipes_putredinis_61533,700037916,ERR912111,3128,1433940,246047,930363,1212,838,44152,166836,1191,704,201895,763527,21,134,87919,2197016,5646,18945,480468,1095,2,132,0,2,697,5
Alistipes_putredinis_61533,700037916,ERR912124,3020,1434671,246186,930857,1192,779,41491,156739,1151,603,204695,774118,41,176,89041,2227589,5724,17833,451364,1020,2,174,0,1,596,6
Alistipes_putredinis_61533,700037916,ERR912144,1700,1435947,246413,931651,673,454,20586,77520,637,345,225827,854131,36,109,98137,2458028,6228,8850,223203,507,4,105,0,3,341,1
Alistipes_putredinis_61533,700037916,ERR912152,1609,1434594,246215,930797,611,466,15967,59850,574,305,230248,870947,37,161,100065,2506416,6360,6837,172344,369,2,159,0,2,301,2
Alistipes_putredinis_61533,700037916,ERR912159,1370,1435426,246329,931347,531,389,14990,56391,496,243,231339,874956,35,146,100507,2517983,6378,6431,162382,360,1,145,0,1,242,0
Alistipes_putredinis_61533,700037916,ERR912175,1717,1435758,246376,931557,715,443,20002,75862,676,309,226374,855695,39,134,98267,2462596,6222,8677,218396,513,2,131,1,1,306,2
Alistipes_putredinis_61533,700037916,SRR413582,1647,1408091,240730,913569,605,443,19722,74000,573,325,221008,839569,32,118,96988,2415578,6141,8424,213078,498,1,117,0,3,319,3
Alistipes_putredinis_61533,700037916,SRR413603,2938,1423272,243881,923388,1155,748,42489,161267,1125,587,201392,762121,30,161,87823,2192912,5628,18362,464368,1071,2,159,0,2,579,6
Alistipes_putredinis_61533,700037916,SRR413629,2870,1434252,246100,930572,1135,732,39844,150142,1104,563,206256,780430,31,169,89825,2245711,5754,17033,432409,984,1,168,0,1,557,5
Alistipes_putredinis_61533,700037916,mickey3-11-30-0_,1498,1434209,246012,930480,616,387,17283,65063,589,286,228729,865417,27,101,99553,2490374,6324,7394,187396,399,0,101,0,1,283,2
Alistipes_putredinis_61533,700037967,700038761,1655,1375795,235238,892402,671,419,19338,72768,639,304,215900,819634,32,115,94536,2358546,5820,8495,209329,480,1,114,0,2,299,3
Alistipes_putredinis_61533,700037967,700097688,1219,1388247,237911,900672,518,299,20773,78457,496,217,217138,822215,22,82,94869,2366097,5679,8731,226079,561,2,80,0,2,214,1
Alistipes_putredinis_61533,700037967,700121919,1768,1395588,239291,905478,734,477,22974,85934,695,350,216317,819544,39,127,94323,2358513,5796,9738,247548,516,1,125,1,3,345,2
Alistipes_putredinis_61533,700037967,ERR911957,1825,1392933,238940,903735,748,438,20766,77855,713,321,218174,825880,35,117,94897,2376902,5841,8975,224089,501,0,117,0,1,318,2
Alistipes_putredinis_61533,700037967,ERR911968,1836,1393724,239044,904255,722,483,15837,59817,612,270,223207,844438,110,213,96915,2430432,5967,7011,172053,387,1,212,0,1,267,2
Alistipes_putredinis_61533,700037967,ERR911976,1883,1398137,239825,907109,752,457,21963,82809,727,325,217862,824300,25,132,94685,2372386,5829,9495,238401,531,0,132,0,1,322,2
Alistipes_putredinis_61533,700037967,ERR911977,1942,1398729,239940,907535,808,455,22812,85736,757,322,217128,821799,51,133,94496,2365093,5808,9763,246899,546,1,132,0,1,319,2
Alistipes_putredinis_61533,700037967,ERR911990,2399,1391248,238675,902660,953,594,25383,95557,921,414,213292,807103,32,180,92795,2322835,5679,10955,275083,633,3,176,1,1,411,2
Alistipes_putredinis_61533,700037967,ERR912170,1847,1396157,239494,905831,747,457,20888,78638,715,341,218606,827193,32,116,94961,2380783,5835,9081,226314,519,1,115,0,1,338,2
Alistipes_putredinis_61533,700038053,700105312,1998,1380614,236862,895715,801,458,22240,83910,768,326,214622,811805,33,132,93093,2336523,5799,9862,241424,444,1,130,1,1,323,2
Alistipes_putredinis_61533,700038158,700038594,3199,1365081,232890,885415,1294,702,38608,146633,1265,550,194282,738782,29,152,85685,2125156,5505,16885,422072,942,2,149,1,5,544,1
Alistipes_putredinis_61533,700038158,700105940,2253,1368131,233395,887386,901,487,26306,101461,872,361,207089,785925,29,126,90972,2260926,5877,11831,291952,600,2,122,2,3,357,1
Alistipes_putredinis_61533,700038158,ERR912046,3121,1357756,231449,880586,1244,698,35233,135381,1215,537,196216,745205,29,161,86296,2143754,5565,15731,389536,876,2,157,2,3,532,2
Alistipes_putredinis_61533,700038167,ERR911962,3141,1372590,235464,890626,1249,702,38153,144358,1207,546,197311,746268,42,156,85674,2147826,5304,16622,415504,948,2,154,0,1,543,2
Alistipes_putredinis_61533,700038167,ERR912012,2812,1390465,238623,902321,1072,702,31115,116956,1031,530,207508,785365,41,172,90139,2260397,5559,13536,336537,795,1,171,0,5,522,3
Alistipes_putredinis_61533,700038167,ERR912172,3182,1389945,238549,901969,1221,813,37464,140499,1163,619,201085,761470,58,194,87511,2191454,5445,16127,404467,903,2,192,0,3,614,2
Alistipes_putredinis_61533,700038493,700113975,3218,1401702,240435,909392,1271,761,38628,145273,1231,605,201807,764119,40,156,87644,2199184,5529,16801,417977,1041,2,153,1,3,599,3
Alistipes_putredinis_61533,700038493,700161872,3219,1402467,240579,909931,1275,757,37949,142682,1240,593,202630,767249,35,164,88003,2208182,5562,16491,410547,1008,2,160,2,2,589,2
Alistipes_putredinis_61533,700038594,700105940,2320,1411982,242438,916163,891,592,25267,94718,868,466,217171,821445,23,126,94395,2363961,5979,10725,272793,636,2,124,0,4,461,1
Alistipes_putredinis_61533,700038594,ERR912046,3114,1398275,239916,907173,1211,753,32684,123911,1175,598,207232,783262,36,155,89845,2254163,5778,14255,356665,813,1,153,1,2,595,1
Alistipes_putredinis_61533,700038761,700097688,2134,1377968,235694,893918,864,541,26953,102044,824,378,208741,791874,40,163,91389,2278674,5559,11756,293698,678,3,160,0,4,370,4
Alistipes_putredinis_61533,700038761,700121919,1535,1379861,235940,895118,550,488,17676,66375,514,336,218264,828743,36,152,95817,2384553,5859,7514,191194,417,3,148,1,4,331,1
Alistipes_putredinis_61533,700038761,ERR911957,1055,1377968,235684,893890,380,290,12607,47836,336,215,223077,846054,44,75,97732,2434418,6012,5469,137727,312,1,74,0,1,213,1
Alistipes_putredinis_61533,700038761,ERR911968,997,1376146,235316,892675,327,341,10013,38203,234,170,225303,854472,93,171,98712,2458641,6063,4336,110000,273,2,169,0,1,168,1
Alistipes_putredinis_61533,700038761,ERR911976,1057,1382542,236469,896823,372,309,15656,59244,345,231,220813,837579,27,78,96844,2409977,5916,6638,170689,405,1,77,0,1,229,1
Alistipes_putredinis_61533,700038761,ERR911977,1079,1383454,236614,897458,401,302,16479,62397,354,225,220135,835061,47,77,96569,2402707,5907,7001,179767,423,2,75,0,1,223,1
Alistipes_putredinis_61533,700038761,ERR911990,1962,1374892,235181,891859,696,559,25241,95812,653,380,209940,796047,43,179,92011,2290508,5622,10971,275796,669,3,175,1,1,378,1
Alistipes_putredinis_61533,700038761,ERR912066,1856,1381263,236191,896033,673,534,30878,117060,600,351,205313,778973,73,183,90152,2241244,5523,13269,337107,804,2,181,0,2,347,2
Alistipes_putredinis_61533,700038761,ERR912170,1023,1381353,236268,896062,353,328,14730,55451,316,224,221538,840611,37,104,96933,2418945,5955,6454,159536,363,2,102,0,1,222,1
Alistipes_putredinis_61533,700038956,700095213,3208,1374028,235438,891483,1274,812,41596,157542,1248,662,193842,733941,26,150,84589,2112041,5193,18054,453567,1005,1,149,0,2,656,4
Alistipes_putredinis_61533,700038956,700103558,3406,1392023,238851,903356,1363,865,44796,168225,1338,728,194055,735131,25,137,84663,2115543,5187,19040,484522,1113,3,134,0,3,720,5
Alistipes_putredinis_61533,700038956,700107398,2753,1380465,236938,895848,1094,701,34270,129276,1062,585,202668,766572,32,116,88196,2206123,5397,14632,372371,825,1,115,0,3,578,4
Alistipes_putredinis_61533,700038956,ERR912187,2899,1390032,238604,902024,1143,776,33198,124643,1094,615,205406,777381,49,161,89475,2237208,5460,14103,358977,849,2,158,1,1,609,5
Alistipes_putredinis_61533,700095213,700097973,2288,1367143,234219,886912,914,563,30185,114535,894,425,204034,772377,20,138,88988,2222698,5445,13134,329841,630,0,138,0,1,422,2
Alistipes_putredinis_61533,700095213,700103558,1965,1376048,235793,892773,826,465,21393,80933,809,327,214400,811840,17,138,93448,2336240,5832,9368,233008,423,3,135,0,1,326,0
Alistipes_putredinis_61533,700095213,700105991,2488,1377932,236114,893989,1018,610,30030,114167,999,415,206084,779822,19,195,89693,2244277,5496,13246,328511,744,0,195,0,2,411,2
Alistipes_putredinis_61533,700095213,700106412,1953,1374987,235603,892107,826,459,21006,79834,810,301,214597,812273,16,158,93447,2337540,5832,9296,229780,426,3,155,0,1,300,0
Alistipes_putredinis_61533,700095213,700107398,1430,1366082,234075,886357,568,363,12308,47188,555,237,221767,839169,13,126,96597,2414937,5973,5474,135859,231,1,125,0,1,236,0
Alistipes_putredinis_61533,700095213,700109449,2482,1374280,235526,891635,988,605,27351,104596,960,376,208175,787039,28,229,90647,2264779,5691,12012,301254,522,1,228,0,1,375,0
Alistipes_putredinis_61533,700095213,700111439,2170,1372568,235154,890502,899,524,24799,93641,879,371,210355,796861,20,153,91747,2293121,5715,10808,269581,534,2,151,0,1,370,0
Alistipes_putredinis_61533,700095213,700116028,2092,1374691,235586,891902,853,510,23770,90491,840,385,211816,801411,13,125,92318,2306164,5751,10394,260596,483,0,125,0,1,384,0
Alistipes_putredinis_61533,700095213,700116865,1708,1372143,235146,890199,714,378,19252,73820,696,240,215894,816379,18,138,93932,2349355,5850,8610,212463,387,0,138,0,1,239,0
Alistipes_putredinis_61533,700095213,700173320,2014,1372933,235204,890721,833,467,24561,93009,820,330,210643,797712,13,137,91879,2295554,5703,10732,267806,489,0,137,0,0,330,0
Alistipes_putredinis_61533,700095213,ERR911998,1816,1376182,235849,892840,729,478,22414,85708,716,331,213435,807132,13,147,93021,2322645,5730,9812,246793,519,0,147,0,2,329,0
Alistipes_putredinis_61533,700095213,ERR912012,3185,1372039,235053,890193,1229,789,42279,161349,1211,629,192774,728844,18,160,83874,2097402,5256,18640,464447,960,1,159,0,5,623,1
Alistipes_putredinis_61533,700095213,ERR912052,2129,1374449,235547,891690,841,546,24639,93311,826,403,210908,798379,15,143,91937,2297458,5742,10764,268680,489,1,142,0,0,402,1
Alistipes_putredinis_61533,700095213,ERR912114,2775,1374914,235591,892004,1116,675,35485,134681,1100,510,200106,757323,16,165,87314,2179279,5376,15403,387791,849,0,165,0,4,505,1
Alistipes_putredinis_61533,700095213,ERR912187,2170,1372506,235280,890462,892,579,21138,79998,857,359,214142,810464,35,220,93321,2332275,5796,9237,230313,444,1,217,2,2,357,0
Alistipes_putredinis_61533,700095213,ERR912194,2796,1372678,235200,890585,1136,673,39007,147554,1124,519,196193,743031,12,154,85628,2138233,5232,16906,424796,960,0,154,0,4,514,1
Alistipes_putredinis_61533,700095524,700110812,1877,1335665,226306,866066,727,441,25203,96369,709,324,201103,769697,18,117,89667,2213547,5877,11345,277162,600,1,113,3,0,324,0
Alistipes_putredinis_61533,700095524,700116668,2099,1435557,246401,931367,835,507,25923,97226,819,374,220478,834141,16,133,95665,2400560,6198,11243,279847,588,0,130,3,1,373,0
Alistipes_putredinis_61533,700095524,700117766,2448,1435079,246330,931063,1011,559,29679,111443,995,429,216651,819620,16,130,94113,2358690,6057,12771,320826,732,0,127,3,1,428,0
Alistipes_putredinis_61533,700095524,700122408,2272,1430574,245457,928144,897,601,36348,137666,876,459,209109,790478,21,142,90949,2274653,5832,15664,396455,879,3,137,2,2,455,2
Alistipes_putredinis_61533,700095524,700124429,2848,1427314,244786,925994,1124,663,37542,141975,1111,530,207244,784019,13,133,90130,2256080,5847,16303,408725,897,1,130,2,2,528,0
Alistipes_putredinis_61533,700095524,700124561,968,1435172,246208,931081,383,269,11906,45061,374,186,234302,886020,9,83,101729,2549923,6408,5236,129593,354,0,82,1,1,185,0
Alistipes_putredinis_61533,700095524,700161342,2133,1431733,245626,928887,842,499,21957,82210,831,354,223669,846677,11,145,97223,2436586,6222,9463,236648,519,1,140,4,1,353,0
Alistipes_putredinis_61533,700095524,ERR911954,2265,1435074,246326,931032,907,555,26713,100008,891,454,219613,831024,16,101,95480,2391457,6135,11417,287947,660,0,98,3,1,453,0
Alistipes_putredinis_61533,700095524,ERR911956,2582,1433639,246038,930103,1034,638,33729,128834,1024,519,212309,801269,10,119,91703,2306155,5949,15075,370614,813,0,117,2,3,515,1
Alistipes_putredinis_61533,700095524,ERR911960,2511,1431818,245751,928952,990,657,40928,154905,975,521,204823,774047,15,136,88961,2227459,5721,17662,446030,1023,1,133,2,0,519,2
Alistipes_putredinis_61533,700095524,ERR911963,2755,1431967,245780,929057,1112,696,41505,156326,1094,545,204275,772731,18,151,89015,2223496,5682,17681,450253,1044,1,149,1,1,541,3
Alistipes_putredinis_61533,700095524,ERR911966,2259,1422420,244115,922889,888,584,29672,112426,863,431,214443,810463,25,153,92957,2332405,6027,13009,323588,681,1,149,3,1,428,2
Alistipes_putredinis_61533,700095524,ERR911970,2882,1427435,244977,926077,1134,689,28043,104499,1114,523,216934,821578,20,166,94555,2364116,6063,11848,300977,672,1,163,2,0,523,0
Alistipes_putredinis_61533,700095524,ERR911988,2382,1431535,245655,928788,920,641,37072,140266,894,496,208583,788522,26,145,90576,2269179,5811,16061,403807,930,0,143,2,1,492,3
Alistipes_putredinis_61533,700095524,ERR911995,2338,1426784,244811,925689,961,582,33115,124404,930,456,211696,801285,31,126,92298,2305593,5964,14027,358414,771,2,123,1,0,455,1
Alistipes_putredinis_61533,700095524,ERR911999,1662,1434751,246206,930863,654,422,19662,73793,640,308,226544,857070,14,114,98504,2466331,6375,8429,212530,420,0,112,2,1,307,0
Alistipes_putredinis_61533,700095524,ERR912000,1512,1436074,246449,931695,575,425,14828,55522,559,311,231621,876173,16,114,100671,2521407,6441,6301,159914,351,1,111,2,0,311,0
Alistipes_putredinis_61533,700095524,ERR912007,2443,1417254,243127,919390,963,608,24925,92631,941,458,218202,826759,22,150,94979,2379154,6144,10594,266723,576,2,146,2,1,457,0
Alistipes_putredinis_61533,700095524,ERR912009,2857,1427790,245163,926273,1155,703,35246,133153,1115,583,209917,793120,40,120,90969,2282583,5808,15450,383064,945,1,117,2,2,580,1
Alistipes_putredinis_61533,700095524,ERR912013,2251,1434556,246150,930731,847,645,25367,95902,818,451,220783,834829,29,194,95803,2402435,6249,11119,276041,546,1,190,3,1,450,0
Alistipes_putredinis_61533,700095524,ERR912033,1788,1435519,246384,931324,699,460,22037,82592,688,358,224347,848732,11,102,97557,2442366,6273,9369,237897,510,0,99,3,1,357,0
Alistipes_putredinis_61533,700095524,ERR912041,2994,1413630,242462,917091,1184,789,44901,170270,1162,639,197561,746821,22,150,85717,2149259,5487,19603,489995,1212,1,147,2,1,636,2
Alistipes_putredinis_61533,700095524,ERR912048,1420,1429072,245201,927067,546,380,15226,56999,532,265,229975,870068,14,115,99981,2503791,6432,6467,164209,321,1,112,2,0,265,0
Alistipes_putredinis_61533,700095524,ERR912063,2924,1432432,245802,929384,1150,760,42797,161978,1119,592,203005,767406,31,168,88192,2208410,5616,18536,466279,1119,0,166,2,0,589,3
Alistipes_putredinis_61533,700095524,ERR912064,2663,1430657,245536,928157,1056,667,37915,143759,1032,523,207621,784398,24,144,90087,2257320,5787,16522,413780,975,1,141,2,1,520,2
Alistipes_putredinis_61533,700095524,ERR912071,2590,1432459,245848,929377,993,713,41740,157506,977,546,204108,771871,16,167,88630,2221286,5697,18103,453365,1050,2,163,2,2,542,2
Alistipes_putredinis_61533,700095524,ERR912072,1950,1435790,246401,931539,768,497,23160,87308,752,352,223241,844231,16,145,96905,2429548,6240,10070,251338,516,1,141,3,1,351,0
Alistipes_putredinis_61533,700095524,ERR912086,2338,1433345,246000,929952,907,642,36845,139576,888,490,209155,790376,19,152,90816,2274465,5847,15971,401848,909,2,148,2,0,488,2
Alistipes_putredinis_61533,700095524,ERR912096,2557,1432699,245890,929547,980,655,28513,107591,958,500,217377,821956,22,155,94284,2365539,6045,12463,309593,717,3,150,2,2,497,1
Alistipes_putredinis_61533,700095524,ERR912100,1566,1437306,246654,932504,613,395,17702,66741,594,266,228952,865763,19,129,99401,2491519,6369,7659,192144,420,0,127,2,0,265,1
Alistipes_putredinis_61533,700095524,ERR912103,1640,1435239,246281,931165,617,465,19418,74035,601,336,226863,857130,16,129,98373,2466714,6303,8588,213055,462,0,127,2,0,335,1
Alistipes_putredinis_61533,700095524,ERR912111,2313,1432658,245842,929479,889,619,26906,101973,881,509,218936,827506,8,110,95170,2381246,6102,11592,293640,687,1,107,2,1,506,2
Alistipes_putredinis_61533,700095524,ERR912124,1954,1435511,246367,931332,780,461,23874,89879,766,345,222493,841453,14,116,96655,2421473,6231,10259,258820,558,0,113,3,1,344,0
Alistipes_putredinis_61533,700095524,ERR912144,2953,1430925,245561,928363,1137,763,51416,194436,1118,616,194145,733927,19,147,84408,2111907,5466,22205,559822,1281,3,142,2,2,612,2
Alistipes_putredinis_61533,700095524,ERR912152,2913,1429297,245329,927331,1142,774,43362,165024,1119,594,201967,762307,23,180,87549,2193675,5697,18984,475041,1047,2,176,2,0,591,3
Alistipes_putredinis_61533,700095524,ERR912159,2746,1429629,245353,927549,1080,739,43249,162145,1066,564,202104,765404,14,175,88118,2202481,5613,18401,466903,1131,2,172,1,0,562,2
Alistipes_putredinis_61533,700095524,ERR912175,2989,1429679,245366,927582,1197,773,47211,179154,1174,624,198155,748428,23,149,86095,2153645,5544,20442,515835,1185,2,145,2,1,619,4
Alistipes_putredinis_61533,700095524,SRR413603,1867,1423954,244023,923765,745,439,23612,88823,738,326,220411,834942,7,113,96071,2402557,6198,10151,255769,549,2,108,3,0,326,0
Alistipes_putredinis_61533,700095524,SRR413629,1783,1435099,246281,931058,715,418,20955,78510,706,319,225326,852548,9,99,97964,2453389,6291,8934,226104,492,0,97,2,0,319,0
Alistipes_putredinis_61533,700095524,SRR413653,2109,1433313,245982,929880,842,499,26725,100019,823,382,219257,829861,19,117,95295,2388228,6060,11495,287878,684,2,112,3,0,382,0
Alistipes_putredinis_61533,700095524,mickey3-11-30-0_,2671,1429038,245141,927089,1064,716,37665,143005,1041,569,207476,784084,23,147,90192,2256228,5832,16385,411721,909,1,144,2,0,566,3
Alistipes_putredinis_61533,700096047,SRR413584,1986,1401054,239873,909056,801,491,28850,109484,734,364,211023,799572,67,127,92199,2300592,5925,12504,315312,636,3,124,0,0,361,3
Alistipes_putredinis_61533,700097482,700099746,1757,1413607,242353,917211,713,410,20370,76318,683,300,221983,840893,30,110,96761,2419864,6054,8638,219761,555,3,105,2,1,297,2
Alistipes_putredinis_61533,700097482,700105882,1195,1422683,243979,923102,524,270,12546,46643,504,174,231433,876459,20,96,100744,2522255,6378,5292,134346,291,1,93,2,0,174,0
Alistipes_putredinis_61533,700097482,ERR912109,1591,1421793,243811,922547,657,352,18599,70385,636,266,225212,852162,21,86,97794,2452515,6177,8166,202548,441,1,83,2,1,265,0
Alistipes_putredinis_61533,700097482,ERR912140,1140,1424148,244237,924005,472,271,13737,51088,452,159,230500,872917,20,112,100306,2512154,6291,5800,147104,360,3,107,2,0,159,0
Alistipes_putredinis_61533,700097688,700121919,2194,1390130,238215,901950,905,591,33273,125539,857,430,204942,776411,48,161,89476,2234357,5400,14283,361530,804,3,157,1,5,422,3
Alistipes_putredinis_61533,700097688,ERR911957,2303,1386442,237656,899547,934,571,32660,123574,893,412,204996,775973,41,159,89366,2233117,5436,14138,355780,804,2,157,0,3,406,3
Alistipes_putredinis_61533,700097688,ERR911976,2390,1391002,238437,902489,954,590,35975,135476,922,429,202462,767013,32,161,88396,2207315,5328,15367,390146,915,2,159,0,3,423,3
Alistipes_putredinis_61533,700097688,ERR911977,2405,1391700,238564,902970,989,570,34615,130778,923,403,203949,772192,66,167,89012,2222188,5376,14827,376634,873,2,165,0,4,396,3
Alistipes_putredinis_61533,700097688,ERR911990,2874,1383979,237275,897942,1143,713,36847,139075,1099,507,200428,758867,44,206,87447,2183886,5268,15853,400424,948,4,201,1,3,501,3
Alistipes_putredinis_61533,700097688,ERR912170,2375,1389350,238151,901432,949,603,34545,129735,911,440,203606,771697,38,163,88817,2220901,5373,14809,373538,858,3,160,0,3,434,3
Alistipes_putredinis_61533,700097973,700103558,2540,1382938,237244,897319,1019,642,34269,129372,990,503,202975,767947,29,139,88409,2210008,5424,14642,372730,744,3,136,0,3,498,2
Alistipes_putredinis_61533,700097973,700106412,2531,1380772,236869,895913,1022,638,37049,139878,1000,516,199820,756035,22,122,86933,2175811,5361,15955,402887,792,2,120,0,4,510,2
Alistipes_putredinis_61533,700097973,700107398,1864,1375916,236072,892781,748,453,23471,88962,717,341,212601,803819,31,112,92336,2313475,5646,10187,256234,465,2,110,0,2,336,3
Alistipes_putredinis_61533,700097973,700109449,2815,1383080,237352,897413,1110,688,42316,160512,1077,503,195036,736901,33,185,84812,2120620,5271,18230,462448,858,1,184,0,3,498,2
Alistipes_putredinis_61533,700097973,700111439,2878,1379001,236557,894737,1158,721,39866,149717,1121,570,196691,745020,37,151,85842,2143953,5265,16890,431373,888,2,149,0,3,565,2
Alistipes_putredinis_61533,700097973,700116028,2492,1381221,237023,896188,995,623,30379,115218,959,491,206644,780970,36,132,89733,2247672,5505,13176,331848,630,1,131,0,2,487,2
Alistipes_putredinis_61533,700097973,700116865,2198,1380398,236863,895585,897,512,30525,115860,862,372,206338,779725,35,140,89673,2243970,5532,13189,333779,612,1,139,0,2,368,2
Alistipes_putredinis_61533,700097973,700173320,2554,1387119,237888,900024,1050,587,36825,139128,1020,420,201063,760896,30,167,87447,2189868,5373,15942,400692,750,0,167,0,2,416,2
Alistipes_putredinis_61533,700097973,ERR911998,2227,1386370,237919,899506,893,572,36996,141100,866,455,200923,758406,27,117,87156,2182707,5355,16146,406341,813,1,116,0,2,451,2
Alistipes_putredinis_61533,700097973,ERR912052,1007,1388997,238346,901222,412,258,10745,40231,388,173,227601,860991,24,85,98913,2478123,5937,4603,115847,243,1,84,0,1,171,1
Alistipes_putredinis_61533,700097973,ERR912187,2392,1384115,237559,898066,938,657,32400,122295,901,477,205159,775771,37,180,89290,2232521,5502,13855,352352,678,2,177,1,2,472,3
Alistipes_putredinis_61533,700098932,700122408,3192,1429973,245366,927795,1287,800,38523,144255,1265,672,206843,783540,22,128,90444,2254518,5658,16146,415689,930,7,120,1,4,665,3
Alistipes_putredinis_61533,700098932,ERR911960,3339,1432507,245847,929437,1338,831,36289,135906,1319,708,209558,793531,19,123,91474,2283383,5736,15239,391600,879,2,120,1,3,702,3
Alistipes_putredinis_61533,700098932,ERR911963,3525,1432653,245884,929548,1403,880,39552,147681,1386,757,206332,781867,17,123,90255,2249790,5556,16520,425485,1038,1,122,0,5,748,4
Alistipes_putredinis_61533,700098932,ERR911988,3189,1431864,245695,929043,1287,797,35146,131517,1263,657,210549,797526,24,140,91876,2294993,5709,14811,378837,903,2,137,1,3,650,4
Alistipes_putredinis_61533,700098932,ERR912063,3672,1432446,245779,929427,1479,897,41260,154023,1455,757,204519,775404,24,140,89376,2231319,5517,17387,443593,1089,3,136,1,3,750,4
Alistipes_putredinis_61533,700098932,ERR912064,3530,1430019,245396,927795,1433,846,39211,146721,1416,722,206185,781074,17,124,90027,2247588,5607,16554,422604,1005,2,121,1,4,715,3
Alistipes_putredinis_61533,700098932,ERR912071,3425,1434395,246163,930681,1349,879,35984,134515,1330,731,210179,796166,19,148,91760,2291035,5703,15147,387489,909,3,144,1,5,723,3
Alistipes_putredinis_61533,700098932,ERR912086,3316,1433686,246043,930210,1328,835,35599,133576,1306,705,210444,796634,22,130,91785,2292360,5757,15062,384799,867,2,127,1,4,698,3
Alistipes_putredinis_61533,700098932,ERR912159,3712,1430240,245445,927988,1482,959,42383,157899,1460,801,203062,770089,22,158,88918,2215835,5514,17670,454929,1098,2,155,1,4,793,4
Alistipes_putredinis_61533,700098932,mickey3-11-30-0_,3594,1428528,245066,926796,1480,878,38248,143937,1460,750,206818,782859,20,128,90342,2252601,5634,16208,414634,969,1,126,1,4,742,4
Alistipes_putredinis_61533,700099746,700105882,1536,1415376,242723,918373,610,368,16730,63593,590,278,225993,854780,20,90,98278,2459789,6273,7268,183142,369,3,87,0,0,276,2
Alistipes_putredinis_61533,700099746,ERR912109,1652,1416518,242921,919099,637,372,17729,67415,612,293,225192,851684,25,79,97848,2451009,6195,7778,194050,417,3,76,0,0,291,2
Alistipes_putredinis_61533,700099746,ERR912140,1176,1419213,243408,920805,427,317,13017,49682,393,202,230391,871123,34,115,100014,2507067,6288,5780,142906,360,4,111,0,0,200,2
Alistipes_putredinis_61533,700102299,700113867,2837,1387769,237043,900350,1123,670,36794,140813,1100,526,200249,759537,23,144,87606,2185557,5448,16355,405151,933,3,141,0,3,519,4
Alistipes_putredinis_61533,700102299,ERR912030,2221,1387817,237019,900396,875,528,26074,100267,856,378,210945,800129,19,150,92193,2302443,5751,11781,288375,645,0,150,0,3,375,0
Alistipes_putredinis_61533,700102299,ERR912162,3018,1387072,236876,899906,1191,709,42583,162836,1165,548,194293,737070,26,161,84944,2120965,5301,18974,468457,1077,2,159,0,4,541,3
Alistipes_putredinis_61533,700103558,700105991,2517,1395628,239516,905667,1046,554,33115,125800,1026,431,206401,779867,20,123,89444,2244670,5487,14548,361997,855,3,120,0,3,426,2
Alistipes_putredinis_61533,700103558,700106412,10,1395634,239450,905691,2,5,62,211,2,3,239388,905480,0,2,103997,2606077,6366,14,619,0,0,2,0,0,3,0
Alistipes_putredinis_61533,700103558,700107398,1574,1383250,237365,897660,643,389,16445,61497,626,302,220920,836163,17,87,96066,2406480,5943,6999,177138,354,4,83,0,0,301,1
Alistipes_putredinis_61533,700103558,700109449,2698,1391815,238889,903194,1111,611,32628,123202,1091,454,206261,779992,20,157,89664,2244639,5673,14040,354942,624,3,154,0,3,451,0
Alistipes_putredinis_61533,700103558,700111439,750,1392327,238927,903488,293,198,8107,30159,282,123,230820,873329,11,75,100272,2513577,6138,3485,86782,210,1,74,0,0,123,0
Alistipes_putredinis_61533,700103558,700116028,2063,1392854,239046,903872,851,496,22209,83544,830,386,216837,820328,21,110,94350,2360766,5868,9444,240723,465,3,107,0,0,386,0
Alistipes_putredinis_61533,700103558,700116865,1691,1390294,238603,902139,712,382,19328,72513,684,273,219275,829626,28,109,95208,2387742,5928,8411,208735,393,3,106,0,0,273,0
Alistipes_putredinis_61533,700103558,700173320,1973,1390056,238413,902023,834,444,21401,79967,808,311,217012,822056,26,133,94336,2366018,5814,9284,230167,450,4,129,0,0,311,0
Alistipes_putredinis_61533,700103558,ERR911998,1926,1394929,239396,905175,790,499,24467,91932,774,400,214929,813243,16,99,93580,2340380,5769,10390,264830,576,2,97,0,2,398,0
Alistipes_putredinis_61533,700103558,ERR912052,2433,1392884,239049,903859,978,633,29010,108084,962,505,210039,795775,16,128,91573,2290001,5751,12226,311432,594,4,124,0,2,502,1
Alistipes_putredinis_61533,700103558,ERR912114,2935,1392141,238927,903360,1195,695,35018,131549,1173,570,203909,771811,22,125,88892,2221075,5466,14824,378965,858,1,124,0,3,566,1
Alistipes_putredinis_61533,700103558,ERR912187,2243,1390262,238637,902178,930,589,22817,84700,895,420,215820,817478,35,169,94039,2352536,5859,9589,244016,495,4,163,2,2,418,0
Alistipes_putredinis_61533,700103558,ERR912194,2949,1389913,238508,901938,1203,697,35923,135036,1182,580,202585,766902,21,117,88304,2207020,5382,15244,388943,921,1,116,0,3,576,1
Alistipes_putredinis_61533,700105882,ERR912109,1232,1425888,244649,925220,478,290,12336,47060,453,223,232313,878160,25,67,100895,2527144,6441,5373,135582,225,0,67,0,1,222,0
Alistipes_putredinis_61533,700105882,ERR912140,855,1427600,244937,926285,323,235,8487,32474,298,133,236450,893811,25,102,102652,2572238,6543,3720,93534,168,2,100,0,1,132,0
Alistipes_putredinis_61533,700105940,ERR912046,2277,1405059,241043,911578,845,593,23811,91456,802,443,217232,820122,43,150,93915,2360436,6015,10686,263085,597,2,146,2,3,439,1
Alistipes_putredinis_61533,700105991,700106412,2488,1392792,239006,903826,1043,538,33766,128416,1026,420,205240,775410,17,118,88918,2231834,5478,14869,369521,858,3,115,0,3,415,2
Alistipes_putredinis_61533,700105991,700107398,2222,1384408,237651,898355,896,534,33244,125414,885,421,204407,772941,11,113,88684,2224706,5433,14457,360945,840,1,112,0,3,416,2
Alistipes_putredinis_61533,700105991,700111439,2776,1391184,238758,902714,1143,618,38210,144891,1128,485,200548,757823,15,133,86918,2181226,5325,16713,416955,1005,1,132,0,4,479,2
Alistipes_putredinis_61533,700105991,700116028,2888,1393240,239179,904075,1169,680,40206,151971,1153,569,198973,752104,16,111,86319,2164653,5340,17492,437443,978,0,111,0,3,564,2
Alistipes_putredinis_61533,700105991,700116865,2480,1391189,238837,902684,1043,533,36336,138240,1025,406,202501,764444,18,127,87481,2200454,5397,16181,397624,915,0,127,0,3,401,2
Alistipes_putredinis_61533,700105991,700173320,2774,1392326,238842,903445,1152,623,36111,136507,1127,469,202731,766938,25,154,87952,2207471,5391,15831,392820,870,0,154,0,2,465,2
Alistipes_putredinis_61533,700105991,ERR911998,2565,1398510,240076,907464,1038,641,39262,148978,1029,501,200814,758486,9,140,87064,2183081,5313,17147,428770,1017,1,139,0,3,496,2
Alistipes_putredinis_61533,700105991,ERR912052,3090,1396891,239766,906414,1250,771,40652,152464,1224,623,199114,753950,26,148,86666,2169814,5370,17432,438982,978,1,147,0,3,617,3
Alistipes_putredinis_61533,700105991,ERR912187,3104,1394059,239350,904592,1277,771,41518,156324,1251,594,197832,748268,26,177,85891,2153558,5355,17990,449977,1005,1,174,2,5,587,2
Alistipes_putredinis_61533,700106170,ERR912083,2410,1392222,238588,903269,891,696,35994,135758,837,476,202594,767511,54,220,88727,2208376,5430,15255,391086,933,2,217,1,4,470,2
Alistipes_putredinis_61533,700106229,700113762,512,1404137,240961,911184,198,150,7809,29286,180,80,233152,881898,18,70,101243,2538184,6267,3357,84306,195,1,69,0,0,80,0
Alistipes_putredinis_61533,700106229,700117172,346,1400871,240366,909022,126,105,3074,11566,108,49,237292,897456,18,56,103092,2582904,6372,1320,33297,81,2,54,0,0,49,0
Alistipes_putredinis_61533,700106412,700107398,1561,1381507,237051,896520,642,384,16423,61476,625,295,220628,835044,17,89,95946,2403249,5937,6994,177080,354,4,85,0,0,294,1
Alistipes_putredinis_61533,700106412,700109449,2687,1389788,238509,901887,1105,603,32368,122349,1081,437,206141,779538,24,166,89610,2243313,5691,13950,352488,609,3,163,0,3,434,0
Alistipes_putredinis_61533,700106412,700111439,746,1390452,238589,902263,295,190,8158,30397,285,119,230431,871866,10,71,100085,2509375,6138,3519,87462,210,1,70,0,0,119,0
Alistipes_putredinis_61533,700106412,700116028,2056,1390876,238696,902580,848,495,24170,91440,830,383,214526,811140,18,112,93216,2334393,5811,10418,263383,519,3,109,0,0,383,0
Alistipes_putredinis_61533,700106412,700116865,1687,1388387,238256,900925,713,381,19512,73329,686,280,218744,827596,27,101,94984,2381879,5925,8503,211079,405,3,98,0,0,280,0
Alistipes_putredinis_61533,700106412,700173320,1960,1387839,238040,900576,829,444,21626,81206,807,309,216414,819370,22,135,93984,2358333,5793,9471,233685,462,4,131,0,0,309,0
Alistipes_putredinis_61533,700106412,ERR911998,1905,1392197,238912,903418,788,491,24650,92811,770,396,214262,810607,18,95,93234,2332827,5760,10536,267315,582,2,93,0,2,394,0
Alistipes_putredinis_61533,700106412,ERR912052,2418,1390070,238529,902041,975,627,29252,109391,956,496,209277,792650,19,131,91183,2281037,5730,12409,315155,609,4,127,0,2,493,1
Alistipes_putredinis_61533,700106412,ERR912114,2910,1389456,238442,901615,1187,688,35678,133949,1168,567,202764,767666,19,121,88433,2209132,5433,15083,385870,894,1,120,0,3,563,1
Alistipes_putredinis_61533,700106412,ERR912187,2239,1387560,238156,900418,930,584,23146,85958,901,407,215010,814460,29,177,93720,2343843,5817,9695,247654,525,4,171,2,2,405,0
Alistipes_putredinis_61533,700106412,ERR912194,2919,1387124,238005,900134,1196,687,37163,140153,1177,576,200842,759981,19,111,87551,2187040,5352,15787,403730,942,1,110,0,3,572,1
Alistipes_putredinis_61533,700106754,700161533,2720,1381595,236851,896458,1083,660,31517,119566,1035,490,205334,776892,48,170,89443,2235755,5478,13622,344290,786,2,166,2,5,482,3
Alistipes_putredinis_61533,700106754,700165224,448,1390915,238656,902552,164,126,3389,12966,141,66,235267,889586,23,60,102159,2560371,6228,1490,37327,81,1,58,1,0,65,1
Alistipes_putredinis_61533,700107398,700109449,2136,1381865,237206,896755,854,493,25084,95269,831,352,212122,801486,23,141,92124,2306544,5790,10814,274531,462,1,140,0,3,348,1
Alistipes_putredinis_61533,700107398,700111439,1842,1379902,236836,895443,749,443,19417,72488,734,333,217419,822955,15,110,94530,2368485,5850,8257,208778,429,3,107,0,0,332,1
Alistipes_putredinis_61533,700107398,700116028,1558,1382245,237259,896968,617,380,16607,62888,589,285,220652,834080,28,95,95780,2400523,5937,7182,181143,339,1,94,0,0,284,1
Alistipes_putredinis_61533,700107398,700116865,1283,1380059,236888,895536,537,266,15370,58337,513,195,221518,837199,24,71,96037,2409635,5925,6774,167889,348,1,70,0,0,195,0
Alistipes_putredinis_61533,700107398,700173320,1665,1383053,237275,897481,676,377,19049,71775,649,259,218226,825706,27,118,94774,2376518,5826,8299,206642,384,2,116,0,0,258,1
Alistipes_putredinis_61533,700107398,ERR911998,1350,1384512,237666,898438,531,368,16662,63145,517,279,221004,835293,14,89,96012,2403987,5880,7146,181887,402,1,88,0,0,278,1
Alistipes_putredinis_61533,700107398,ERR912012,2889,1379685,236775,895356,1077,752,36058,137053,1050,603,200717,758303,27,149,87056,2182408,5445,15756,394590,813,2,147,0,1,601,1
Alistipes_putredinis_61533,700107398,ERR912052,1745,1383233,237474,897589,686,448,21609,80554,665,343,215865,817035,21,105,93855,2351448,5802,9188,232000,474,3,102,0,1,340,2
Alistipes_putredinis_61533,700107398,ERR912114,2483,1381962,237239,896750,998,583,32634,123171,983,484,204605,773579,15,99,89064,2226219,5454,13862,354847,804,0,99,0,4,479,1
Alistipes_putredinis_61533,700107398,ERR912187,1715,1380646,237042,895935,691,468,16016,59584,652,324,221026,836351,39,144,96138,2406978,5937,6733,171674,345,2,140,2,1,323,0
Alistipes_putredinis_61533,700107398,ERR912194,2497,1381789,237219,896634,1013,586,32209,121397,991,488,205010,775237,22,98,89137,2231117,5457,13772,349624,795,0,98,0,4,482,2
Alistipes_putredinis_61533,700109449,700111439,3002,1388941,238412,901302,1233,672,35902,135345,1217,499,202510,765957,16,173,88071,2204220,5580,15394,389936,705,2,171,0,3,496,0
Alistipes_putredinis_61533,700109449,700116028,2784,1391754,238957,903122,1115,643,34487,130213,1084,495,204470,772909,31,148,88957,2224169,5601,14730,375231,678,0,148,0,3,492,0
Alistipes_putredinis_61533,700109449,700116865,2491,1389070,238510,901353,1032,522,30989,117745,988,358,207521,783608,44,164,89977,2255174,5673,13534,339098,603,0,164,0,3,355,0
Alistipes_putredinis_61533,700109449,700173320,2877,1389473,238401,901646,1194,604,35185,133461,1158,416,203216,768185,36,188,88220,2210785,5550,15348,384360,675,0,188,0,2,414,0
Alistipes_putredinis_61533,700109449,ERR911998,2551,1393281,239220,904084,1016,617,33271,126141,994,455,205949,777943,22,162,89597,2238613,5619,14218,363524,681,0,162,0,3,452,0
Alistipes_putredinis_61533,700109449,ERR912052,2736,1392879,239157,903830,1065,679,37760,142599,1043,499,201397,761231,22,180,87502,2190677,5514,16268,410755,774,0,180,0,4,494,1
Alistipes_putredinis_61533,700109449,ERR912187,2694,1390726,238822,902461,1087,683,32627,123013,1041,465,206195,779448,46,218,89675,2242954,5715,13951,354494,594,0,216,2,5,460,0
Alistipes_putredinis_61533,700109921,700116917,3547,1398316,240057,907343,1404,924,45895,173520,1367,740,194162,733823,37,184,84195,2111970,5304,19942,499469,1149,5,179,0,7,729,4
Alistipes_putredinis_61533,700110354,ERR911959,2861,1402939,240600,910382,1145,702,31302,117830,1097,541,209298,792552,48,161,91116,2280795,5745,13512,339252,726,6,155,0,3,536,2
Alistipes_putredinis_61533,700110812,700116668,800,1343370,227650,871134,309,203,15726,59927,298,146,211924,811207,11,57,94411,2333069,6141,7103,172330,348,0,57,0,0,146,0
Alistipes_putredinis_61533,700110812,700117766,995,1343072,227609,870942,413,215,12777,48569,383,154,214832,822373,30,61,95852,2365081,6186,5640,139758,309,0,61,0,0,154,0
Alistipes_putredinis_61533,700110812,700122408,2312,1336466,226449,866654,872,585,39006,149807,848,438,187443,716847,24,147,83660,2061406,5475,17391,431085,945,3,143,1,2,432,4
Alistipes_putredinis_61533,700110812,700124429,1653,1336895,226453,866911,635,365,23865,92236,624,273,202588,774675,11,92,90173,2227954,5898,10943,265198,567,0,92,0,0,272,1
Alistipes_putredinis_61533,700110812,700124561,2133,1337912,226651,867534,807,507,31572,121159,785,386,195079,746375,22,121,86933,2146507,5685,14242,348458,777,0,119,2,2,384,0
Alistipes_putredinis_61533,700110812,700161342,922,1340982,227193,869597,359,209,9621,37159,350,147,217572,832438,9,62,96906,2394162,6246,4469,106795,213,1,60,1,0,147,0
Alistipes_putredinis_61533,700110812,ERR911954,890,1343304,227641,871080,344,253,12383,46847,333,206,215258,824233,11,47,96121,2370374,6204,5428,134819,294,0,47,0,0,206,0
Alistipes_putredinis_61533,700110812,ERR911956,2525,1339697,226991,868735,995,582,32923,127730,961,475,194068,741005,34,107,86109,2131233,5673,15156,367245,789,1,105,1,3,471,1
Alistipes_putredinis_61533,700110812,ERR911966,2208,1326553,224786,860235,856,532,27194,105276,806,388,197592,754959,50,144,87725,2171341,5811,12563,302653,612,1,141,2,1,385,2
Alistipes_putredinis_61533,700110812,ERR911970,2531,1334452,226113,865320,974,583,27636,105212,940,459,198477,760108,34,124,88614,2185944,5766,12331,302627,678,1,122,1,0,459,0
Alistipes_putredinis_61533,700110812,ERR911988,2385,1337013,226502,867027,891,597,39326,151220,858,443,187176,715807,33,154,83311,2058653,5457,17775,434901,984,2,151,1,0,438,5
Alistipes_putredinis_61533,700110812,ERR911995,2092,1333795,225956,864942,812,522,31668,121254,753,400,194288,743688,59,122,86808,2138520,5736,14040,349020,702,2,119,1,1,397,2
Alistipes_putredinis_61533,700110812,ERR911999,1558,1341534,227320,869962,595,350,18669,71900,567,225,208651,798062,28,125,92876,2295193,6117,8562,206757,381,2,122,1,0,225,0
Alistipes_putredinis_61533,700110812,ERR912000,1321,1342624,227488,870637,501,315,14241,54826,464,219,213247,815811,37,96,94985,2346256,6192,6495,157686,297,2,93,1,0,219,0
Alistipes_putredinis_61533,700110812,ERR912007,1881,1326087,224583,859818,742,445,25905,99555,713,341,198678,760263,29,104,88431,2186553,5805,11794,286241,630,1,102,1,2,339,0
Alistipes_putredinis_61533,700110812,ERR912009,2539,1334368,226175,865245,1008,605,36750,141141,971,499,189425,724104,37,106,84125,2082664,5523,16801,405680,942,1,104,1,3,495,1
Alistipes_putredinis_61533,700110812,ERR912013,2145,1341340,227258,869815,796,564,25270,97095,750,404,201988,772720,46,160,89892,2222307,5961,11532,279216,537,1,157,2,2,402,0
Alistipes_putredinis_61533,700110812,ERR912033,1788,1340829,227175,869467,679,426,25441,97668,642,328,201734,771799,37,98,89994,2219508,5895,11376,281049,579,1,96,1,1,326,1
Alistipes_putredinis_61533,700110812,ERR912048,1487,1335062,226155,865658,555,355,16299,62530,515,247,209856,803128,40,108,93512,2309755,6117,7404,179856,330,2,105,1,0,247,0
Alistipes_putredinis_61533,700110812,ERR912064,2540,1335328,226234,865881,977,613,42133,161928,952,481,184101,703953,25,132,81956,2024566,5337,19031,465628,1125,2,130,0,1,475,5
Alistipes_putredinis_61533,700110812,ERR912071,2626,1338242,226779,867806,978,676,40975,157280,951,503,185804,710526,27,173,82682,2043499,5397,18506,452284,1050,3,169,1,1,498,4
Alistipes_putredinis_61533,700110812,ERR912072,1890,1341099,227222,869672,736,433,22655,87046,697,301,204567,782626,39,132,91104,2250765,6009,10303,250394,441,2,128,2,1,300,0
Alistipes_putredinis_61533,700110812,ERR912086,2438,1338679,226842,868088,919,612,39506,151974,895,460,187336,716114,24,152,83388,2059494,5460,17828,437098,996,1,150,1,1,455,4
Alistipes_putredinis_61533,700110812,ERR912096,1215,1340743,227167,869429,447,318,13683,52458,427,210,213484,816971,20,108,95259,2349492,6162,6105,150954,315,1,107,0,3,207,0
Alistipes_putredinis_61533,700110812,ERR912100,1558,1343532,227637,871236,590,359,17230,65928,544,237,210407,805308,46,122,93737,2316088,6099,7823,189571,390,1,120,1,0,236,1
Alistipes_putredinis_61533,700110812,ERR912103,1623,1341511,227296,869927,599,408,21760,84440,559,292,205536,785487,40,116,91458,2259036,5967,9988,242837,495,1,114,1,0,291,1
Alistipes_putredinis_61533,700110812,ERR912111,2070,1339507,226955,868615,792,506,25893,99928,767,407,201062,768687,25,99,89586,2210610,5865,11692,287465,627,2,96,1,1,404,2
Alistipes_putredinis_61533,700110812,ERR912124,641,1344012,227722,871539,255,144,7677,29631,242,105,220045,841908,13,39,98077,2421284,6363,3499,85253,141,0,39,0,0,105,0
Alistipes_putredinis_61533,700110812,SRR413603,566,1339342,226900,868451,220,133,6799,26345,198,87,220101,842106,22,46,98142,2421831,6345,3111,75786,138,1,45,0,0,87,0
Alistipes_putredinis_61533,700110812,SRR413629,536,1344194,227767,871655,210,123,7018,27224,193,80,220749,844431,17,43,98380,2428553,6360,3215,78322,135,1,41,1,0,80,0
Alistipes_putredinis_61533,700110812,SRR413653,777,1342517,227488,870543,304,183,9871,37694,283,141,217617,832849,21,42,97018,2395310,6219,4464,108384,234,1,41,0,0,141,0
Alistipes_putredinis_61533,700110812,mickey3-11-30-0_,2616,1336542,226436,866637,1022,654,39945,153501,991,503,186491,713136,31,151,83226,2050683,5499,17873,441679,951,2,148,1,0,498,5
Alistipes_putredinis_61533,700111223,ERR911995,3142,1428085,244982,926628,1263,763,49454,185230,1242,660,195528,741398,21,103,85463,2133232,5499,20917,533588,1185,2,101,0,4,653,3
Alistipes_putredinis_61533,700111223,ERR911999,3040,1433645,245945,930267,1181,758,36183,135954,1141,583,209762,794313,40,175,91433,2285578,5928,15394,391664,804,2,173,0,3,577,3
Alistipes_putredinis_61533,700111223,ERR912000,2717,1435124,246221,931197,1042,684,31583,118126,1009,554,214638,813071,33,130,93610,2339600,6003,13276,340361,741,1,129,0,4,547,3
Alistipes_putredinis_61533,700111223,ERR912033,2831,1434574,246122,930834,1115,713,32052,120705,1092,564,214070,810129,23,149,93046,2331308,6033,13817,347602,696,1,147,1,4,557,3
Alistipes_putredinis_61533,700111223,ERR912048,2495,1428154,244949,926593,972,614,30528,113999,942,491,214421,812594,30,123,93536,2338234,6012,12831,328467,699,1,122,0,4,484,3
Alistipes_putredinis_61533,700111223,ERR912072,3122,1435504,246287,931458,1241,750,38376,144175,1217,629,207911,787283,24,121,90513,2265435,5901,16413,415314,798,1,119,1,5,621,3
Alistipes_putredinis_61533,700111223,ERR912100,2754,1436635,246449,932176,1080,678,32112,120402,1046,520,214337,811774,34,158,93361,2335973,5988,13632,346830,744,1,157,0,3,513,4
Alistipes_putredinis_61533,700111223,ERR912103,2675,1436278,246413,931944,1060,649,32133,120798,1026,519,214280,811146,34,130,93334,2334152,5952,13664,347968,762,1,129,0,3,512,4
Alistipes_putredinis_61533,700111223,ERR912111,3113,1433803,246007,930331,1225,762,40955,154223,1201,635,205052,776108,24,127,89354,2233240,5730,17449,444218,1002,1,126,0,5,627,3
Alistipes_putredinis_61533,700111223,SRR413603,3031,1422942,243780,923239,1195,713,39830,148843,1162,585,203950,774396,33,128,89331,2228115,5742,16798,428780,951,3,125,0,3,580,2
Alistipes_putredinis_61533,700111223,SRR413629,3045,1433888,246008,930394,1195,722,38322,143605,1165,615,207686,786789,30,107,90635,2263915,5817,16152,413757,906,1,106,0,3,609,3
Alistipes_putredinis_61533,700111439,700116028,2457,1389352,238447,901551,1001,585,27122,102146,977,450,211325,799405,24,135,91877,2300608,5730,11616,294237,585,2,133,0,0,450,0
Alistipes_putredinis_61533,700111439,700116865,2023,1387645,238171,900379,852,440,24081,89852,834,321,214090,810527,18,119,93055,2332760,5766,10323,258684,549,2,117,0,0,321,0
Alistipes_putredinis_61533,700111439,700173320,2305,1386400,237809,899622,972,517,26682,99871,956,381,211127,799751,16,136,91757,2301838,5658,11578,287432,603,3,133,0,0,381,0
Alistipes_putredinis_61533,700111439,ERR911998,2272,1389907,238565,901850,917,585,26884,100834,902,459,211681,801016,15,126,92150,2305225,5673,11432,290410,660,1,125,0,2,457,0
Alistipes_putredinis_61533,700111439,ERR912052,2777,1388193,238279,900739,1122,705,32527,121265,1101,552,205752,779474,21,153,89699,2243086,5637,13722,349380,693,4,149,0,1,550,1
Alistipes_putredinis_61533,700111439,ERR912114,3214,1387784,238188,900455,1320,757,42643,160168,1302,617,195545,740287,18,140,85248,2130375,5238,18104,461323,1077,1,139,0,2,614,1
Alistipes_putredinis_61533,700111439,ERR912187,2555,1386339,237992,899567,1056,644,25000,92615,1016,447,212992,806952,40,197,92843,2322229,5784,10443,266844,558,3,192,2,2,445,0
Alistipes_putredinis_61533,700111439,ERR912194,3231,1385511,237786,899020,1331,760,43423,163266,1316,635,194363,735754,15,125,84785,2117329,5148,18399,470262,1137,1,124,0,2,632,1
Alistipes_putredinis_61533,700113762,700117172,230,1400470,240295,908784,93,65,4499,16899,84,26,235796,891885,9,39,102446,2566861,6348,1936,48653,108,1,38,0,0,26,0
Alistipes_putredinis_61533,700113867,ERR912030,1694,1429316,245284,927381,646,420,20102,75932,630,328,225182,851449,16,92,97824,2450352,6171,8641,218606,549,1,90,1,2,323,3
Alistipes_putredinis_61533,700113867,ERR912061,2206,1427932,245011,926468,879,514,32649,124294,836,405,212362,802174,43,109,92086,2308607,5829,14290,357758,834,0,109,0,3,401,1
Alistipes_putredinis_61533,700113867,ERR912162,1417,1428003,245028,926490,577,324,20569,78512,551,240,224459,847978,26,84,97248,2440485,6201,9114,225894,528,1,83,0,1,238,1
Alistipes_putredinis_61533,700113867,SRR413559,3265,1418832,243405,920556,1336,719,42114,159645,1302,593,201291,760911,34,126,87411,2189727,5595,18277,459578,1080,2,124,0,5,585,3
Alistipes_putredinis_61533,700113867,SRR413579,2369,1283653,217005,833081,922,519,27218,104703,887,355,189787,728378,35,164,85024,2094380,5730,12139,301304,666,3,161,0,3,349,3
Alistipes_putredinis_61533,700113867,SRR413625,2308,1424590,244459,924293,886,571,27491,104433,856,440,216968,819860,30,131,94205,2359393,5982,11965,300626,708,4,127,0,3,434,3
Alistipes_putredinis_61533,700113867,SRR413626,2415,1424611,244426,924329,925,657,35675,133908,879,544,208751,790421,46,113,90941,2274619,5703,15160,385580,984,0,112,1,2,538,4
Alistipes_putredinis_61533,700113975,700116401,3090,1404989,241034,911586,1285,654,32651,124209,1252,532,208383,787377,33,122,90233,2266267,5631,14461,357299,867,2,120,0,3,528,1
Alistipes_putredinis_61533,700113975,700117069,2516,1407527,241484,913169,1018,589,35264,133780,987,455,206220,779389,31,134,89662,2242811,5694,15224,385216,900,1,133,0,3,448,4
Alistipes_putredinis_61533,700113975,700161967,2831,1394132,238932,904414,1166,558,31087,116838,1148,479,207845,787576,18,79,90607,2266352,5769,13308,336456,750,4,74,1,2,475,2
Alistipes_putredinis_61533,700113975,700163628,1719,1400302,239847,908411,653,447,16693,62428,635,338,223154,845983,18,109,97416,2434431,6102,7150,179660,474,0,107,2,2,334,2
Alistipes_putredinis_61533,700113975,ERR912002,2338,1405009,241045,911520,962,513,25252,94826,933,408,215793,816694,29,105,93800,2350288,5994,10911,272991,576,0,104,1,2,405,1
Alistipes_putredinis_61533,700113975,ERR912166,2813,1405330,240903,911732,1129,683,31555,117881,1110,533,209348,793851,19,150,91253,2284618,5682,13479,339282,882,1,148,1,4,525,4
Alistipes_putredinis_61533,700116028,700116865,1774,1390085,238670,901989,742,395,20825,79071,714,290,217845,822918,28,105,94461,2368419,5874,9109,227669,435,0,105,0,0,290,0
Alistipes_putredinis_61533,700116028,700173320,2287,1388390,238181,900927,940,523,27671,104171,918,398,210510,796756,22,125,91587,2293005,5676,11918,300034,561,1,124,0,0,398,0
Alistipes_putredinis_61533,700116028,ERR911998,1944,1393355,239214,904129,789,499,25793,98065,767,391,213421,806064,22,108,92615,2319841,5736,11203,282410,582,1,107,0,0,391,0
Alistipes_putredinis_61533,700116028,ERR912052,2245,1391194,238857,902723,896,575,27918,105234,869,451,210939,797489,27,124,91637,2295079,5751,12021,303108,573,2,122,0,1,449,1
Alistipes_putredinis_61533,700116028,ERR912114,3166,1390461,238741,902232,1290,743,41538,156833,1268,625,197203,745399,22,118,85947,2144970,5280,17622,451860,1017,0,118,0,3,621,1
Alistipes_putredinis_61533,700116028,ERR912187,2299,1388808,238488,901190,946,610,24810,93119,901,455,213678,808071,45,155,92950,2325470,5793,10544,268276,537,1,152,2,2,453,0
Alistipes_putredinis_61533,700116076,ERR912012,2913,1388981,238432,901310,1103,748,33175,124327,1072,568,205257,776983,31,180,89195,2236270,5484,14229,357975,777,2,178,0,4,562,2
Alistipes_putredinis_61533,700116076,ERR912110,3033,1389315,238516,901536,1171,773,35491,133935,1127,567,203025,767601,44,206,88098,2209269,5436,15318,385659,828,4,201,1,1,565,1
Alistipes_putredinis_61533,700116076,ERR912172,3252,1387326,238226,900217,1250,844,36158,134996,1188,671,202068,765221,62,173,87988,2202278,5397,15351,388761,876,2,171,0,3,665,3
Alistipes_putredinis_61533,700116401,700161872,3092,1405261,241076,911785,1287,652,32283,122758,1250,521,208793,789027,37,131,90421,2270993,5667,14283,353166,825,3,127,1,3,518,0
Alistipes_putredinis_61533,700116401,700163628,3298,1397083,239298,906395,1293,821,38529,146508,1259,672,200769,759887,34,149,87442,2186771,5448,16906,421583,1035,4,144,1,3,667,2
Alistipes_putredinis_61533,700116505,ERR912012,3354,1392474,238924,903593,1275,841,41498,158900,1248,667,197426,744693,27,174,85395,2143374,5310,18379,457295,1026,3,171,0,4,660,3
Alistipes_putredinis_61533,700116668,700117766,985,1443207,247750,936426,406,231,13794,52098,388,151,233956,884328,18,80,101295,2545203,6486,6126,149850,318,0,80,0,0,151,0
Alistipes_putredinis_61533,700116668,700122408,2736,1434549,246193,930783,1056,720,41697,158291,1015,546,204496,772492,41,174,88632,2223150,5694,18225,455634,1014,3,170,1,3,539,4
Alistipes_putredinis_61533,700116668,700124429,1617,1434311,246028,930603,623,394,23480,89198,614,302,222548,841405,9,92,96402,2421609,6204,10496,256543,555,1,91,0,1,300,1
Alistipes_putredinis_61533,700116668,700124561,2354,1436164,246431,931761,897,598,33153,125026,868,464,213278,806735,29,134,92499,2321751,5955,14485,359801,792,0,132,2,2,462,0
Alistipes_putredinis_61533,700116668,700161342,877,1439296,246959,933863,334,227,10441,38944,324,146,236518,894919,10,81,102554,2575690,6513,4641,111948,243,1,79,1,0,146,0
Alistipes_putredinis_61533,700116668,ERR911954,994,1442497,247638,935935,374,292,14023,52129,357,208,233615,883806,17,84,101296,2543669,6453,6087,149952,348,0,84,0,0,208,0
Alistipes_putredinis_61533,700116668,ERR911956,2785,1439297,247064,933862,1099,685,38107,144271,1076,574,208957,789591,23,111,90288,2272632,5853,16849,415052,912,1,109,1,3,570,1
Alistipes_putredinis_61533,700116668,ERR911960,2913,1435804,246475,931609,1128,754,41490,156975,1090,577,204985,774634,38,177,88861,2229299,5742,18018,451905,1002,2,174,1,0,573,4
Alistipes_putredinis_61533,700116668,ERR911966,2559,1425084,244640,924665,993,640,35507,133205,961,492,209133,791460,32,148,90782,2277706,5892,15312,383490,813,2,144,2,1,489,2
Alistipes_putredinis_61533,700116668,ERR911970,2864,1433160,246002,929864,1094,712,32907,123429,1063,566,213095,806435,31,146,92548,2320787,5970,14226,355281,780,1,144,1,1,565,0
Alistipes_putredinis_61533,700116668,ERR911988,2799,1435552,246380,931457,1072,738,40690,153599,1025,559,205690,777858,47,179,89166,2238645,5763,17722,442097,978,2,176,1,0,554,5
Alistipes_putredinis_61533,700116668,ERR911995,2473,1432134,245776,929243,969,640,37939,143042,929,507,207837,786201,40,133,90404,2262319,5880,16255,412019,852,3,129,1,0,505,2
Alistipes_putredinis_61533,700116668,ERR911999,1813,1440570,247269,934727,704,444,25132,93745,683,324,222137,840982,21,120,96493,2420219,6234,10797,269871,567,2,117,1,0,324,0
Alistipes_putredinis_61533,700116668,ERR912000,1552,1441845,247486,935507,603,395,18418,68563,587,289,229068,866944,16,106,99391,2495051,6390,7928,197353,408,2,103,1,0,289,0
Alistipes_putredinis_61533,700116668,ERR912007,2150,1424693,244437,924289,848,537,31054,116771,824,419,213383,807518,24,118,92527,2324045,5982,13529,336034,750,2,115,1,2,417,0
Alistipes_putredinis_61533,700116668,ERR912009,2973,1433368,246117,929985,1199,721,43998,165952,1173,623,202119,764033,26,98,87401,2199058,5640,19397,477343,1116,0,97,1,4,618,1
Alistipes_putredinis_61533,700116668,ERR912013,2382,1440581,247252,934721,886,675,30901,116615,847,495,216351,818106,39,180,93728,2354539,6051,13567,335528,750,1,177,2,2,493,0
Alistipes_putredinis_61533,700116668,ERR912033,2021,1439934,247163,934265,778,520,22605,84523,743,365,224558,849742,35,155,97492,2445449,6285,9711,243366,492,1,152,2,1,364,0
Alistipes_putredinis_61533,700116668,ERR912048,1715,1434391,246150,930606,647,445,20056,74516,623,323,226094,856090,24,122,98138,2463817,6315,8637,214476,435,1,120,1,1,322,0
Alistipes_putredinis_61533,700116668,ERR912071,3052,1437111,246705,932466,1147,829,42587,160894,1104,638,204118,771572,43,191,88424,2220637,5655,18598,462995,1089,3,187,1,2,632,4
Alistipes_putredinis_61533,700116668,ERR912072,2135,1440688,247284,934792,835,526,26955,100767,803,386,220329,834025,32,140,95617,2400284,6174,11660,290062,579,1,137,2,2,384,0
Alistipes_putredinis_61533,700116668,ERR912086,2852,1437656,246789,932826,1091,754,39985,151154,1049,569,206804,781672,42,185,89567,2249710,5739,17488,434960,1014,2,182,1,1,564,4
Alistipes_putredinis_61533,700116668,ERR912096,1291,1439305,247029,933885,469,375,18127,67198,455,272,228902,866687,14,103,99445,2494259,6357,7741,193436,417,1,102,0,3,269,0
Alistipes_putredinis_61533,700116668,ERR912100,1794,1442899,247662,936218,687,446,22491,83854,661,307,225171,852364,26,139,97668,2453160,6264,9745,241295,522,1,137,1,0,306,1
Alistipes_putredinis_61533,700116668,ERR912103,1836,1440663,247268,934765,684,496,22048,82863,657,350,225220,851902,27,146,97594,2451902,6210,9703,238334,552,1,144,1,0,349,1
Alistipes_putredinis_61533,700116668,ERR912111,2452,1438443,246899,933313,960,631,34162,127673,945,524,212737,805640,15,107,92483,2318479,5958,14628,367554,837,2,104,1,1,521,2
Alistipes_putredinis_61533,700116668,ERR912124,569,1443684,247804,936708,221,155,8265,30589,210,99,239539,906119,11,56,103920,2607819,6618,3535,88049,183,0,56,0,0,99,0
Alistipes_putredinis_61533,700116668,SRR413603,499,1431949,245422,929037,188,143,10498,39128,176,93,234924,889909,12,50,102137,2561086,6504,4614,112512,258,1,49,0,0,93,0
Alistipes_putredinis_61533,700116668,SRR413629,464,1443172,247693,936374,175,135,7437,27622,160,80,240256,908752,15,55,104131,2615492,6633,3305,79399,162,1,53,1,0,80,0
Alistipes_putredinis_61533,700116668,SRR413653,741,1441424,247389,935228,291,198,11782,43595,275,147,235607,891633,16,51,102215,2566210,6474,5111,125389,285,1,50,0,0,147,0
Alistipes_putredinis_61533,700116668,mickey3-11-30-0_,3011,1434604,246161,930773,1188,787,44446,168219,1156,628,201715,762554,32,159,87581,2194432,5649,19327,484238,1092,1,157,1,1,622,5
Alistipes_putredinis_61533,700116865,700173320,1123,1387234,237980,900107,445,268,11974,44417,420,167,226006,855690,25,101,98315,2462758,5997,5095,127910,246,1,100,0,0,167,0
Alistipes_putredinis_61533,700116865,ERR911998,1659,1390552,238739,902238,694,392,23572,89894,671,291,215167,812344,23,101,93253,2338046,5733,10384,258719,579,1,100,0,0,291,0
Alistipes_putredinis_61533,700116865,ERR912052,2052,1389737,238582,901736,841,496,25313,95428,800,357,213269,806308,41,139,92599,2320547,5778,10979,274771,534,2,137,0,1,355,1
Alistipes_putredinis_61533,700116865,ERR912114,2730,1388232,238334,900733,1148,599,35407,133623,1110,482,202927,767110,38,117,88180,2207699,5451,15241,384776,852,2,115,0,2,479,1
Alistipes_putredinis_61533,700116865,ERR912187,2003,1386534,238061,899664,845,492,24372,91329,810,340,213689,808335,35,152,92914,2326310,5781,10431,263019,537,1,149,2,2,338,0
Alistipes_putredinis_61533,700116865,ERR912194,2739,1385955,237901,899284,1154,595,39083,147437,1125,496,198818,751847,29,99,86448,2163807,5286,16799,424537,975,0,99,0,3,492,1
Alistipes_putredinis_61533,700117069,700161872,2521,1407470,241478,913167,1025,587,33127,125635,990,447,208351,787532,35,140,90571,2266274,5751,14283,361782,840,2,137,1,3,441,3
Alistipes_putredinis_61533,700117303,ERR911995,3891,1423056,244081,923278,1579,933,54363,205338,1544,753,189718,717940,35,180,82763,2065774,5283,23360,591295,1359,1,179,0,2,748,3
Alistipes_putredinis_61533,700117303,ERR911999,3386,1429162,245115,927268,1369,777,41920,159092,1333,612,203195,768176,36,165,88198,2210633,5697,18419,457858,999,1,164,0,3,608,1
Alistipes_putredinis_61533,700117303,ERR912000,3285,1429741,245246,927598,1308,795,46293,174329,1289,641,198953,753269,19,154,86687,2167570,5550,19918,501926,1143,2,152,0,2,638,1
Alistipes_putredinis_61533,700117303,ERR912033,3499,1428785,245078,926971,1425,804,45897,173727,1392,648,199181,753244,33,156,86536,2167640,5556,20012,500047,1122,1,155,0,3,643,2
Alistipes_putredinis_61533,700117303,ERR912048,3250,1423296,244070,923357,1291,778,42535,160115,1259,620,201535,763242,32,158,87801,2196297,5628,18323,460999,1023,2,156,0,2,617,1
Alistipes_putredinis_61533,700117303,ERR912072,3609,1430633,245396,928218,1452,861,45319,171117,1415,655,200077,757101,37,206,86865,2178861,5577,19825,492437,1089,2,203,1,3,651,1
Alistipes_putredinis_61533,700117303,ERR912100,3318,1431547,245520,928802,1328,772,41433,157009,1297,601,204087,771793,31,171,88535,2221138,5706,18203,451843,981,1,170,0,2,597,2
Alistipes_putredinis_61533,700117303,ERR912103,3340,1431196,245480,928579,1312,812,48784,184488,1280,667,196696,744091,32,145,85430,2141350,5493,21307,530987,1170,1,144,0,2,663,2
Alistipes_putredinis_61533,700117303,ERR912111,3724,1429138,245164,927198,1517,863,52384,199331,1503,715,192780,727867,14,148,83647,2094614,5340,22917,573726,1350,2,146,0,3,709,3
Alistipes_putredinis_61533,700117303,SRR413603,3585,1418317,242967,920132,1468,800,54505,205803,1444,652,188462,714329,24,148,82296,2055417,5274,23594,592432,1383,3,144,1,2,649,1
Alistipes_putredinis_61533,700117303,SRR413629,3512,1429501,245210,927442,1447,773,51028,192167,1421,632,194182,735275,26,141,84503,2115925,5397,22084,553118,1299,1,140,0,2,629,1
Alistipes_putredinis_61533,700117766,700122408,2980,1434088,246127,930490,1192,743,43473,165466,1155,572,202654,765024,37,171,87924,2201559,5589,18908,476365,1125,3,167,1,3,565,4
Alistipes_putredinis_61533,700117766,700124429,1890,1434039,245985,930438,749,432,25264,96511,731,342,220721,833927,18,90,95612,2400046,6123,11274,277623,636,1,89,0,1,340,1
Alistipes_putredinis_61533,700117766,700124561,2664,1435885,246388,931592,1045,644,36032,136883,1022,500,210356,794709,23,144,91162,2287118,5847,15809,393934,906,0,142,2,2,498,0
Alistipes_putredinis_61533,700117766,700161342,1195,1438963,246911,933655,489,271,12879,48778,477,204,234032,884877,12,67,101452,2546768,6411,5723,140260,351,1,65,1,0,204,0
Alistipes_putredinis_61533,700117766,ERR911954,1306,1442138,247585,935708,532,335,16623,62258,514,261,230962,873450,18,74,100271,2513731,6348,7096,179219,459,0,74,0,0,261,0
Alistipes_putredinis_61533,700117766,ERR911956,3042,1439001,247026,933676,1239,710,41948,159627,1219,580,205078,774049,20,130,88595,2227849,5703,18531,459282,1068,1,128,1,3,576,1
Alistipes_putredinis_61533,700117766,ERR911966,2859,1424747,244598,924451,1157,666,36026,136902,1120,527,208572,787549,37,139,90289,2266475,5883,15796,394082,828,2,135,2,1,524,2
Alistipes_putredinis_61533,700117766,ERR911970,3173,1432741,245941,929600,1257,735,36906,139349,1231,594,209035,790251,26,141,90803,2274139,5811,15946,401162,939,1,139,1,1,593,0
Alistipes_putredinis_61533,700117766,ERR911995,2777,1432115,245775,929246,1123,681,40455,153123,1085,550,205320,776123,38,131,89296,2233325,5748,17376,441003,990,3,127,1,0,548,2
Alistipes_putredinis_61533,700117766,ERR911999,2107,1440220,247223,934505,849,475,24247,91353,825,346,222976,843152,24,129,96797,2426446,6213,10479,262992,588,2,126,1,0,346,0
Alistipes_putredinis_61533,700117766,ERR912000,1869,1441455,247433,935259,762,434,19710,74112,738,316,227723,861147,24,118,98823,2478309,6309,8480,213367,489,2,115,1,0,316,0
Alistipes_putredinis_61533,700117766,ERR912007,2447,1424348,244384,924077,998,559,30354,114064,978,438,214030,810013,20,121,92867,2331211,5961,13176,328239,777,3,117,1,1,437,0
Alistipes_putredinis_61533,700117766,ERR912009,3175,1432833,246046,929636,1304,740,42095,159662,1274,629,203951,769974,30,111,88222,2216039,5661,18534,459351,1101,0,110,1,4,624,1
Alistipes_putredinis_61533,700117766,ERR912013,2640,1440213,247198,934487,1017,694,33988,128473,979,499,213210,806014,38,195,92478,2319618,5946,14801,369763,855,1,192,2,2,497,0
Alistipes_putredinis_61533,700117766,ERR912033,2347,1439586,247114,934044,943,553,25853,96935,904,389,221261,837109,39,164,96180,2408988,6159,11010,279171,624,1,161,2,1,388,0
Alistipes_putredinis_61533,700117766,ERR912048,2036,1434038,246107,930376,810,481,21462,80583,785,356,224645,849793,25,125,97510,2445623,6246,9253,231986,510,2,122,1,0,356,0
Alistipes_putredinis_61533,700117766,ERR912072,2490,1440381,247244,934598,1013,570,30204,114173,980,431,217040,820425,33,139,94070,2361157,6048,13201,328607,711,2,135,2,1,430,0
Alistipes_putredinis_61533,700117766,ERR912096,1623,1438949,246975,933662,636,417,17790,66622,616,315,229185,867040,20,102,99583,2495204,6333,7588,191831,447,1,101,0,3,312,0
Alistipes_putredinis_61533,700117766,ERR912100,2098,1442537,247610,935984,840,480,21952,82734,798,339,225658,853250,42,141,97816,2455715,6219,9579,238050,573,1,139,1,0,338,1
Alistipes_putredinis_61533,700117766,ERR912103,2042,1440470,247252,934640,789,496,22918,86814,750,350,224334,847826,39,146,97211,2440099,6168,10090,249752,600,1,144,1,0,349,1
Alistipes_putredinis_61533,700117766,ERR912111,2725,1438242,246882,933180,1106,660,30954,117535,1082,545,215928,815645,24,115,93733,2347196,6006,13375,338441,789,2,112,1,1,542,2
Alistipes_putredinis_61533,700117766,ERR912124,790,1443352,247747,936507,330,187,10494,39738,314,142,237253,896769,16,45,102860,2580901,6546,4583,114370,261,0,45,0,0,142,0
Alistipes_putredinis_61533,700117766,SRR413603,818,1431685,245381,928872,343,187,9514,35900,319,130,235867,892972,24,57,102613,2569796,6507,4130,103315,255,1,56,0,0,130,0
Alistipes_putredinis_61533,700117766,SRR413629,783,1442867,247646,936184,330,179,9304,35168,309,127,238342,901016,21,52,103378,2593121,6549,4048,101204,252,1,50,1,0,127,0
Alistipes_putredinis_61533,700117766,SRR413653,984,1441048,247335,934984,408,226,12152,45672,387,172,235183,889312,21,54,102075,2559396,6465,5237,131482,297,1,53,0,0,172,0
Alistipes_putredinis_61533,700121919,ERR911957,1808,1396172,239448,905923,675,524,25114,94482,637,389,214334,811441,38,135,93313,2335232,5778,10826,272077,543,1,133,1,4,385,0
Alistipes_putredinis_61533,700121919,ERR911968,1798,1394463,239132,904774,637,586,15270,56864,508,307,223862,847910,129,279,97490,2440237,6003,6488,163780,324,2,276,1,4,303,0
Alistipes_putredinis_61533,700121919,ERR911976,1880,1401518,240371,909382,689,552,30880,117101,650,389,209491,792281,39,163,91121,2280115,5607,13338,337224,741,1,161,1,4,385,0
Alistipes_putredinis_61533,700121919,ERR911977,1906,1402487,240543,910039,723,540,25101,94996,656,374,215442,815043,67,166,93843,2345514,5772,10715,273700,573,1,164,1,3,371,0
Alistipes_putredinis_61533,700121919,ERR911990,2371,1394652,239222,904940,888,667,25980,97916,849,460,213242,807024,39,207,92901,2322471,5700,11104,282065,579,3,202,2,4,456,0
Alistipes_putredinis_61533,700121919,ERR912170,1858,1399831,240087,908292,676,562,21580,81072,614,408,218507,827220,62,154,95092,2380739,5829,9249,233478,489,2,151,1,4,404,0
Alistipes_putredinis_61533,700122408,700124561,2543,1431506,245569,928752,966,693,41201,156913,942,533,204368,771839,24,160,88692,2221191,5634,18012,451680,1047,3,156,1,3,526,4
Alistipes_putredinis_61533,700122408,700161342,2719,1431820,245628,929038,1065,672,36972,141142,1035,510,208656,787896,30,162,90560,2267365,5763,16143,406377,906,3,157,2,2,504,4
Alistipes_putredinis_61533,700122408,ERR911954,2846,1434427,246192,930677,1118,744,40339,152619,1073,595,205853,778058,45,149,89474,2238991,5709,17398,439451,1008,4,144,1,2,589,4
Alistipes_putredinis_61533,700122408,ERR911956,3046,1433390,245948,930004,1180,803,44686,171361,1147,671,201262,758643,33,132,86953,2183378,5598,19833,493164,1086,3,128,1,5,662,4
Alistipes_putredinis_61533,700122408,ERR911960,713,1437786,246723,932854,257,198,11865,45461,251,147,234858,887393,6,51,101871,2553843,6465,5212,130931,240,5,46,0,1,146,0
Alistipes_putredinis_61533,700122408,ERR911963,1003,1437803,246751,932870,401,250,12761,48153,392,176,233990,884717,9,74,101770,2546042,6339,5353,138755,351,6,68,0,1,175,0
Alistipes_putredinis_61533,700122408,ERR911966,2147,1424040,244388,923960,802,598,29114,111441,769,471,215274,812519,33,127,93203,2338399,5955,12866,320764,693,4,122,1,3,462,6
Alistipes_putredinis_61533,700122408,ERR911970,3096,1428707,245140,926966,1158,824,40799,154667,1135,660,204341,772299,23,164,88897,2222405,5595,17621,445315,1065,3,161,0,3,653,4
Alistipes_putredinis_61533,700122408,ERR911988,533,1437433,246633,932641,185,167,10875,41349,177,112,235758,891292,8,55,102306,2565135,6435,4767,119016,264,5,50,0,1,110,1
Alistipes_putredinis_61533,700122408,ERR911995,2554,1428467,245052,926830,1026,666,40583,153163,993,536,204469,773667,33,130,89136,2226162,5703,17319,441201,969,4,126,0,3,531,2
Alistipes_putredinis_61533,700122408,ERR911996,2481,1431691,245614,928967,950,628,28649,109788,940,514,216965,819179,10,114,94026,2357610,5901,12632,315946,786,4,110,0,6,508,0
Alistipes_putredinis_61533,700122408,ERR911999,2016,1435716,246311,931534,773,552,30670,117027,736,409,215641,814507,37,143,93685,2343851,5985,13329,337017,735,3,139,1,1,405,3
Alistipes_putredinis_61533,700122408,ERR912000,1920,1436054,246391,931747,709,582,25817,98268,677,444,220574,833479,32,138,95851,2398493,6093,11145,283041,618,4,133,1,2,439,3
Alistipes_putredinis_61533,700122408,ERR912007,2824,1418765,243347,920427,1093,756,37758,143056,1062,601,205589,777371,31,155,89319,2237106,5688,16369,411839,960,4,150,1,4,594,3
Alistipes_putredinis_61533,700122408,ERR912009,3194,1427229,244989,925942,1268,805,46714,178269,1220,652,198275,747673,48,153,85765,2151818,5436,20619,512937,1251,4,149,0,4,643,5
Alistipes_putredinis_61533,700122408,ERR912013,2509,1435979,246360,931680,941,717,40435,153380,908,577,205925,778300,33,140,89604,2239623,5673,17409,441684,1047,3,136,1,2,571,4
Alistipes_putredinis_61533,700122408,ERR912026,2081,1435060,246248,931074,791,591,30069,113147,776,469,216179,817927,15,122,94007,2353837,5937,12930,325743,768,4,118,0,2,465,2
Alistipes_putredinis_61533,700122408,ERR912033,2050,1435509,246312,931374,794,571,28052,105856,767,439,218260,825518,27,132,94984,2375546,6024,11963,304921,684,3,128,1,3,432,4
Alistipes_putredinis_61533,700122408,ERR912041,1342,1419561,243445,920972,521,367,20107,76438,510,296,223338,844534,11,71,96967,2430539,6096,8793,219957,564,5,66,0,3,293,0
Alistipes_putredinis_61533,700122408,ERR912048,1768,1429164,245158,927193,658,519,26491,100607,629,387,218667,826586,29,132,95069,2378650,6039,11410,289772,639,4,127,1,2,382,3
Alistipes_putredinis_61533,700122408,ERR912062,1570,1437560,246665,932708,574,448,23865,91173,552,327,222800,841535,22,121,96585,2421876,6144,10545,262401,573,10,111,0,5,321,1
Alistipes_putredinis_61533,700122408,ERR912063,1169,1437506,246611,932694,433,318,16994,64344,419,241,229617,868350,14,77,99740,2499073,6237,7371,185202,459,4,72,1,1,240,0
Alistipes_putredinis_61533,700122408,ERR912064,772,1435312,246288,931205,318,176,10533,39692,309,113,235755,891513,9,63,102411,2565687,6441,4539,114270,267,4,59,0,1,112,0
Alistipes_putredinis_61533,700122408,ERR912071,836,1438144,246785,933086,289,254,10788,41006,275,178,235997,892080,14,76,102430,2567375,6435,4720,118025,273,6,70,0,3,175,0
Alistipes_putredinis_61533,700122408,ERR912072,2239,1436913,246549,932325,888,590,31714,120607,857,442,214835,811718,31,148,93241,2335967,5946,13817,347260,744,4,142,2,3,436,3
Alistipes_putredinis_61533,700122408,ERR912086,671,1438854,246898,933551,243,198,10306,39758,232,132,236592,893793,11,66,102635,2572255,6489,4562,114481,231,6,60,0,1,131,0
Alistipes_putredinis_61533,700122408,ERR912096,2998,1432556,245806,929494,1149,789,40601,155361,1112,609,205205,774133,37,180,88859,2227867,5673,17884,447176,1023,5,175,0,5,599,5
Alistipes_putredinis_61533,700122408,ERR912100,1883,1437751,246673,932849,714,536,29902,113768,686,386,216771,819081,28,150,94118,2357185,5940,12995,327535,774,3,146,1,2,380,4
Alistipes_putredinis_61533,700122408,ERR912103,1941,1436770,246521,932213,709,577,29433,112228,682,465,217088,819985,27,112,94291,2359724,5940,12789,323145,750,3,109,0,2,460,3
Alistipes_putredinis_61533,700122408,ERR912111,2701,1434291,246085,930585,1028,742,36789,139887,1003,620,209296,790698,25,122,90984,2275290,5820,15901,402869,891,2,120,0,5,611,4
Alistipes_putredinis_61533,700122408,ERR912124,2488,1435031,246251,931092,968,645,34553,131689,929,497,211698,799403,39,148,91858,2300465,5886,15034,379208,825,4,143,1,2,491,4
Alistipes_putredinis_61533,700122408,ERR912144,1292,1436201,246447,931820,472,360,18579,70451,442,262,227868,861369,30,98,98852,2479003,6252,8146,202760,447,7,91,0,3,259,0
Alistipes_putredinis_61533,700122408,ERR912152,1199,1435060,246276,931093,449,346,11436,43316,427,221,234840,887777,22,125,102050,2554858,6423,4895,124777,276,6,119,0,1,219,1
Alistipes_putredinis_61533,700122408,ERR912159,1031,1435742,246367,931551,377,312,15462,57711,371,219,230905,873840,6,93,100516,2514683,6321,6451,166295,387,6,87,0,1,217,1
Alistipes_putredinis_61533,700122408,ERR912175,1409,1435384,246312,931307,552,378,19814,74981,536,272,226498,856326,16,106,98493,2464293,6192,8443,215999,501,5,100,1,3,268,1
Alistipes_putredinis_61533,700122408,SRR413582,1119,1408717,240839,913958,390,320,18767,70513,374,247,222072,843445,16,73,97464,2426763,6108,8004,203031,504,3,70,0,6,239,2
Alistipes_putredinis_61533,700122408,SRR413603,2414,1423802,243991,923740,935,618,35731,136769,906,474,208260,786971,29,144,90580,2264531,5802,15636,393804,867,4,139,1,3,467,4
Alistipes_putredinis_61533,700122408,SRR413629,2338,1434629,246175,930817,911,598,33752,128187,878,457,212423,802630,33,141,92312,2309683,5895,14567,369184,810,3,137,1,2,452,3
Alistipes_putredinis_61533,700122408,SRR413653,2646,1432803,245867,929622,1029,683,39428,149427,991,527,206439,780195,38,156,89692,2245217,5676,17077,430211,993,4,151,1,3,520,4
Alistipes_putredinis_61533,700122408,mickey3-11-30-0_,1031,1434333,246051,930558,397,305,11669,44332,383,228,234382,886226,14,77,101948,2550313,6417,4992,127728,276,5,72,0,1,226,1
Alistipes_putredinis_61533,700122860,700165407,2236,1393830,239096,904433,877,531,28555,109472,835,397,210541,794961,42,134,91307,2287900,5676,12607,315122,687,4,130,0,4,393,0
Alistipes_putredinis_61533,700122860,ERR912082,2442,1378143,236360,894162,992,593,29893,113313,961,457,206467,780849,31,136,89772,2247204,5571,12927,326289,723,2,134,0,2,455,0
Alistipes_putredinis_61533,700124429,700124561,3130,1430335,245261,927986,1198,752,41450,157850,1170,595,203811,770136,28,157,88392,2216274,5742,18280,454304,966,1,154,2,3,591,1
Alistipes_putredinis_61533,700124429,700161342,1745,1431451,245444,928763,669,405,20282,77498,660,308,225162,851265,9,97,97612,2449970,6213,9120,222873,501,2,94,1,1,306,1
Alistipes_putredinis_61533,700124429,ERR911954,1882,1434731,246132,930857,720,476,26682,100697,704,384,219450,830160,16,92,95303,2389108,6069,11644,289754,693,1,91,0,1,382,1
Alistipes_putredinis_61533,700124429,ERR911970,3674,1426766,244731,925683,1405,856,42077,159442,1379,703,202654,766241,26,153,88014,2205051,5658,18412,458861,1053,2,150,1,2,700,1
Alistipes_putredinis_61533,700124429,ERR911995,3030,1426582,244652,925597,1208,700,44323,167823,1174,577,200329,757774,34,123,87226,2180408,5688,19136,483316,1017,4,118,1,1,575,1
Alistipes_putredinis_61533,700124429,ERR911999,2585,1433540,245875,930102,1012,568,31726,120148,991,440,214149,809954,21,128,92955,2330892,6015,13934,345757,753,2,125,1,2,437,1
Alistipes_putredinis_61533,700124429,ERR912000,2412,1434572,246054,930760,935,564,28489,107985,921,450,217565,822775,14,114,94395,2367882,6048,12519,310725,711,3,110,1,1,448,1
Alistipes_putredinis_61533,700124429,ERR912007,2997,1418353,243174,920145,1183,683,40069,151212,1163,557,203105,768933,20,126,88097,2212993,5709,17614,435038,984,4,121,1,2,554,1
Alistipes_putredinis_61533,700124429,ERR912009,3505,1426225,244723,925295,1409,796,49617,188249,1388,674,195106,737046,21,122,84493,2121167,5478,21880,541610,1257,1,120,1,5,667,2
Alistipes_putredinis_61533,700124429,ERR912013,3147,1434224,245977,930544,1210,775,39500,150116,1178,633,206477,780428,32,142,89472,2245968,5844,17460,431964,924,2,138,2,3,629,1
Alistipes_putredinis_61533,700124429,ERR912033,2844,1432521,245707,929419,1097,672,36837,139799,1078,541,208870,789620,19,131,90708,2272281,5871,16081,402449,867,2,127,2,2,538,1
Alistipes_putredinis_61533,700124429,ERR912048,2492,1427059,244712,925819,950,586,30514,115665,936,470,214198,810154,14,116,92964,2331516,5982,13407,332859,729,3,112,1,1,468,1
Alistipes_putredinis_61533,700124429,ERR912072,2883,1434392,246033,930664,1143,636,35165,133322,1117,492,210868,797342,26,144,91443,2294679,5904,15491,383665,810,3,139,2,2,489,1
Alistipes_putredinis_61533,700124429,ERR912086,3275,1432300,245693,929298,1281,765,48213,183234,1256,618,197480,746064,25,147,85506,2147139,5547,21258,527265,1179,2,144,1,3,612,3
Alistipes_putredinis_61533,700124429,ERR912096,1953,1432507,245684,929423,728,495,27436,104072,721,395,218248,825351,7,100,94745,2375263,6045,12055,299465,696,2,98,0,4,390,1
Alistipes_putredinis_61533,700124429,ERR912100,2570,1435481,246196,931372,993,581,31429,119290,972,455,214767,812082,21,126,93103,2337197,5946,13899,343170,801,2,123,1,1,452,2
Alistipes_putredinis_61533,700124429,ERR912103,2540,1434429,246033,930683,978,601,31639,120789,956,479,214394,809894,22,122,92814,2330982,5886,14145,347385,837,2,119,1,1,476,2
Alistipes_putredinis_61533,700124429,ERR912111,3182,1432472,245717,929392,1256,761,38716,147128,1237,660,207001,782264,19,101,89872,2251136,5784,16913,423499,972,3,97,1,2,655,3
Alistipes_putredinis_61533,700124429,ERR912124,1432,1435864,246271,931614,555,332,18650,71115,547,258,227621,860499,8,74,98704,2476481,6312,8314,204581,450,1,73,0,1,256,1
Alistipes_putredinis_61533,700124429,SRR413603,1350,1424643,244010,924264,516,314,21052,80331,505,227,222958,843933,11,87,96932,2428675,6192,9405,231057,531,2,85,0,1,225,1
Alistipes_putredinis_61533,700124429,SRR413629,1328,1435884,246263,931614,507,313,17410,66523,494,237,228853,865091,13,76,99263,2489686,6324,7766,191371,432,2,73,1,1,235,1
Alistipes_putredinis_61533,700124429,SRR413653,1609,1433945,245933,930338,624,380,20538,78242,608,297,225395,852096,16,83,97756,2452307,6225,9147,225081,498,2,81,0,1,295,1
Alistipes_putredinis_61533,700124561,700161342,2417,1433560,245885,930089,916,591,27315,103539,900,443,218570,826550,16,148,94768,2378831,6051,12073,297878,666,1,144,3,2,441,0
Alistipes_putredinis_61533,700124561,ERR911954,2567,1437413,246654,932547,982,653,34897,132085,965,523,211757,800462,17,130,91885,2303642,5859,15211,380141,903,0,128,2,2,521,0
Alistipes_putredinis_61533,700124561,ERR911956,2750,1436170,246387,931751,1069,690,36696,140499,1051,561,209691,791252,18,129,90578,2277280,5898,16432,404234,831,0,128,1,3,557,1
Alistipes_putredinis_61533,700124561,ERR911960,2755,1433300,245922,929904,1047,737,41107,156367,1018,570,204815,773537,29,167,88809,2226135,5667,17981,450079,1041,1,164,2,1,566,3
Alistipes_putredinis_61533,700124561,ERR911966,2482,1424047,244335,923947,943,663,29512,112351,910,481,214823,811596,33,182,92967,2335812,6009,13151,323230,672,1,179,2,2,477,2
Alistipes_putredinis_61533,700124561,ERR911970,3029,1429171,245190,927221,1155,753,32564,122499,1131,593,212626,804722,24,160,92583,2315664,5919,14003,352714,780,1,158,1,1,592,0
Alistipes_putredinis_61533,700124561,ERR911988,2613,1432887,245794,929657,969,715,39602,150184,939,540,206192,779473,30,175,89452,2243261,5706,17333,432220,999,0,173,2,2,534,4
Alistipes_putredinis_61533,700124561,ERR911995,2627,1429259,245156,927305,1029,680,34987,132572,988,535,210169,794733,41,145,91448,2286856,5895,15096,381813,807,1,143,1,1,532,2
Alistipes_putredinis_61533,700124561,ERR911999,1938,1437274,246569,932500,719,521,24589,93170,692,391,221980,839330,27,130,96324,2415462,6204,10831,268124,555,0,129,1,2,389,0
Alistipes_putredinis_61533,700124561,ERR912000,1790,1438360,246753,933172,643,518,18465,69742,616,378,228288,863430,27,140,99150,2484831,6309,8028,200751,447,1,138,1,1,377,0
Alistipes_putredinis_61533,700124561,ERR912007,2725,1419909,243491,921132,1037,696,32663,123223,1008,556,210828,797909,29,140,91507,2296343,5877,14306,354553,810,2,137,1,2,554,0
Alistipes_putredinis_61533,700124561,ERR912009,3036,1429465,245356,927361,1184,779,39548,150294,1143,626,205808,777067,41,153,89078,2236468,5655,17512,432299,1071,0,152,1,4,621,1
Alistipes_putredinis_61533,700124561,ERR912013,2452,1437033,246490,932339,879,716,28761,109053,839,520,217729,823286,40,196,94448,2369281,6129,12703,313826,630,1,193,2,2,518,0
Alistipes_putredinis_61533,700124561,ERR912033,2007,1437439,246604,932571,746,537,24594,93019,721,404,222010,839552,25,133,96462,2416032,6162,10655,267814,588,0,131,2,2,402,0
Alistipes_putredinis_61533,700124561,ERR912041,3244,1415452,242696,918266,1251,859,48077,182637,1228,710,194619,735629,23,149,84379,2117120,5388,21132,525501,1278,2,145,2,2,705,3
Alistipes_putredinis_61533,700124561,ERR912048,1715,1431614,245544,928739,614,479,20663,78786,589,349,224881,849953,25,130,97521,2446092,6246,9160,226724,474,1,128,1,1,348,0
Alistipes_putredinis_61533,700124561,ERR912064,2767,1431233,245526,928529,1064,718,41544,157643,1042,555,203982,770886,22,163,88481,2218555,5622,18202,453626,1101,0,161,2,3,549,3
Alistipes_putredinis_61533,700124561,ERR912071,2822,1435029,246211,931047,1046,795,44709,169792,1032,612,201502,761255,14,183,87362,2190859,5544,19604,488602,1170,2,179,2,3,606,3
Alistipes_putredinis_61533,700124561,ERR912072,2189,1437703,246641,932780,814,586,27035,103160,778,411,219606,829620,36,175,95080,2387678,6102,12086,296773,621,1,172,2,2,409,0
Alistipes_putredinis_61533,700124561,ERR912086,2598,1435592,246307,931416,971,735,39732,150951,948,548,206575,780465,23,187,89541,2246160,5694,17456,434362,1035,2,183,2,1,544,3
Alistipes_putredinis_61533,700124561,ERR912096,2859,1434231,246038,930538,1067,743,32745,124203,1049,581,213293,806335,18,162,92555,2320537,5913,14357,357436,816,2,158,2,4,577,0
Alistipes_putredinis_61533,700124561,ERR912100,1811,1439829,247000,934149,660,484,21174,80481,628,331,225826,853668,32,153,97938,2456850,6216,9352,231551,540,0,152,1,1,329,1
Alistipes_putredinis_61533,700124561,ERR912103,1891,1437953,246669,932939,670,552,23725,90890,653,413,222944,842049,17,139,96594,2423397,6156,10607,261487,576,0,138,1,1,411,1
Alistipes_putredinis_61533,700124561,ERR912111,2553,1435040,246187,931019,951,695,29691,113117,927,575,216496,817902,24,120,93922,2353778,6006,13045,325559,747,1,118,1,2,571,2
Alistipes_putredinis_61533,700124561,ERR912124,2254,1438000,246708,932960,857,558,30196,114854,838,430,216512,818106,19,128,93876,2354439,6003,13258,330545,759,0,126,2,2,428,0
Alistipes_putredinis_61533,700124561,ERR912159,2975,1431142,245524,928520,1134,815,46640,176214,1117,614,198884,752306,17,201,86469,2164989,5460,20209,507182,1251,2,198,1,1,610,3
Alistipes_putredinis_61533,700124561,SRR413603,2144,1426536,244403,925451,812,530,30441,116060,799,409,213962,809391,13,121,93005,2329237,5931,13432,333962,786,1,118,2,2,407,0
Alistipes_putredinis_61533,700124561,SRR413629,2069,1438096,246717,933017,786,509,27883,105995,771,393,218834,827022,15,116,94919,2380111,6036,12234,305037,714,0,115,1,1,392,0
Alistipes_putredinis_61533,700124561,SRR413653,2374,1436119,246380,931721,899,589,34261,129709,886,485,212119,802012,13,104,92024,2308195,5817,15009,373227,891,1,101,2,2,483,0
Alistipes_putredinis_61533,700124561,mickey3-11-30-0_,2897,1431050,245432,928402,1116,792,43896,167526,1094,635,201536,760876,22,157,87458,2189578,5592,19290,482172,1116,1,154,2,1,630,4
Alistipes_putredinis_61533,700161219,ERR912021,1948,1394396,239276,904754,804,453,18458,70008,764,292,220818,834746,40,161,95906,2402476,5856,8047,201542,435,2,159,0,1,289,2
Alistipes_putredinis_61533,700161342,ERR911954,1027,1439285,246979,933844,397,273,9399,35580,384,179,237580,898264,13,94,103034,2585248,6510,4180,102311,249,1,92,1,0,179,0
Alistipes_putredinis_61533,700161342,ERR911956,2926,1435939,246365,931683,1170,684,34982,133725,1158,567,211383,797958,12,117,91409,2296570,5895,15546,384801,828,2,113,2,3,563,1
Alistipes_putredinis_61533,700161342,ERR911960,2948,1433101,245901,929852,1157,723,41686,158269,1141,576,204215,771583,16,147,88626,2220438,5685,18111,455685,1011,1,144,2,2,570,4
Alistipes_putredinis_61533,700161342,ERR911963,3253,1433187,245923,929919,1287,783,41977,159107,1261,612,203946,770812,26,171,88682,2218138,5616,18108,458148,1065,2,168,1,2,605,5
Alistipes_putredinis_61533,700161342,ERR911966,2623,1422289,244034,922850,1021,624,30688,116871,993,473,213346,805979,28,151,92420,2319547,5970,13536,336378,699,3,145,3,1,470,2
Alistipes_putredinis_61533,700161342,ERR911970,2792,1430077,245356,927865,1052,679,30764,115925,1031,531,214592,811940,21,148,93297,2336601,5922,13308,333687,780,2,144,2,1,530,0
Alistipes_putredinis_61533,700161342,ERR911988,2829,1432709,245774,929624,1086,712,38875,147587,1058,551,206899,782037,28,161,89778,2250576,5757,16957,424868,936,1,158,2,2,544,5
Alistipes_putredinis_61533,700161342,ERR911995,2579,1428765,245075,927064,1021,635,34152,129094,989,506,210923,797970,32,129,91883,2296114,5913,14589,371916,777,4,123,2,0,504,2
Alistipes_putredinis_61533,700161342,ERR911999,1821,1437251,246580,932570,714,409,18990,71978,697,297,227590,860592,17,112,98808,2476650,6318,8301,207198,435,1,109,2,0,297,0
Alistipes_putredinis_61533,700161342,ERR912000,1511,1438611,246807,933416,593,359,14211,54060,586,251,232596,879356,7,108,100886,2530771,6411,6262,155579,339,3,103,2,0,251,0
Alistipes_putredinis_61533,700161342,ERR912007,2222,1421315,243748,922095,868,527,26571,100486,851,404,217177,821609,17,123,94213,2364581,6033,11657,289144,657,3,118,2,2,402,0
Alistipes_putredinis_61533,700161342,ERR912009,3071,1429739,245388,927622,1231,727,38026,144250,1202,615,207362,783372,29,112,89779,2254628,5709,16804,414941,1005,3,107,2,2,612,1
Alistipes_putredinis_61533,700161342,ERR912013,2440,1437237,246543,932550,919,641,24266,91875,887,434,222277,840675,32,207,96379,2419457,6189,10733,264328,564,3,201,3,1,433,0
Alistipes_putredinis_61533,700161342,ERR912033,2118,1436693,246497,932164,823,502,21301,80239,796,365,225196,851925,27,137,97857,2451657,6261,9168,231072,477,1,133,3,2,363,0
Alistipes_putredinis_61533,700161342,ERR912041,3369,1415099,242651,918117,1313,851,44502,169451,1285,684,198149,748666,28,167,85792,2154752,5454,19644,487509,1200,2,163,2,3,677,4
Alistipes_putredinis_61533,700161342,ERR912048,1759,1431170,245480,928514,671,422,16853,63708,644,315,228627,864806,27,107,99240,2488878,6300,7357,183359,408,3,102,2,0,315,0
Alistipes_putredinis_61533,700161342,ERR912063,3332,1433951,245971,930438,1298,818,46622,177144,1266,650,199349,753294,32,168,86581,2167769,5532,20257,510017,1158,0,165,3,2,644,4
Alistipes_putredinis_61533,700161342,ERR912064,3116,1430850,245480,928363,1226,738,37769,143257,1195,580,207711,785106,31,158,90161,2259424,5733,16463,412330,978,2,154,2,2,574,4
Alistipes_putredinis_61533,700161342,ERR912071,3075,1434084,246060,930509,1161,803,43287,164549,1145,609,202773,765960,16,194,87831,2204433,5616,19027,473534,1086,1,191,2,5,600,4
Alistipes_putredinis_61533,700161342,ERR912072,2215,1437724,246654,932869,864,517,21337,80353,839,369,225317,852516,25,148,97762,2453549,6237,9355,231227,477,3,142,3,1,368,0
Alistipes_putredinis_61533,700161342,ERR912086,2877,1434530,246128,930800,1104,728,36835,139890,1074,545,209293,790910,30,183,90734,2276224,5772,16153,402578,939,2,179,2,2,539,4
Alistipes_putredinis_61533,700161342,ERR912096,1305,1436856,246504,932306,477,349,12520,47376,469,249,233984,884930,8,100,101558,2546815,6417,5494,136319,315,2,97,1,3,246,0
Alistipes_putredinis_61533,700161342,ERR912100,1871,1439384,246933,933932,718,434,18062,68477,689,297,228871,865455,29,137,99243,2490825,6297,7972,197012,447,2,133,2,0,296,1
Alistipes_putredinis_61533,700161342,ERR912103,1875,1437440,246603,932677,707,480,18246,69253,679,339,228357,863424,28,141,99077,2484949,6246,8047,199238,474,2,137,2,0,338,1
Alistipes_putredinis_61533,700161342,ERR912111,2431,1435245,246231,931243,947,599,25944,98937,944,494,220287,832306,3,105,95634,2395179,6105,11302,284867,642,3,100,2,1,491,2
Alistipes_putredinis_61533,700161342,ERR912124,648,1440393,247124,934578,251,150,5224,19969,247,99,241900,914609,4,51,104911,2632268,6648,2368,57422,117,1,49,1,0,99,0
Alistipes_putredinis_61533,700161342,ERR912144,3377,1431968,245675,929114,1290,842,50159,190575,1263,672,195516,738539,27,170,85095,2125056,5466,21608,548887,1230,3,165,2,4,664,4
Alistipes_putredinis_61533,700161342,ERR912152,3229,1430945,245557,928475,1256,817,41241,156133,1230,612,204316,772342,26,205,88798,2222528,5700,17856,449547,996,2,200,3,2,608,2
Alistipes_putredinis_61533,700161342,ERR912159,3251,1430790,245472,928379,1252,842,48687,183431,1239,653,196785,744948,13,189,85796,2143606,5442,20813,528226,1254,2,185,2,2,646,5
Alistipes_putredinis_61533,700161342,ERR912175,3431,1431246,245571,928671,1349,840,50917,193184,1331,670,194654,735487,18,170,84565,2116487,5409,22090,556187,1275,3,165,2,2,666,2
Alistipes_putredinis_61533,700161342,SRR413603,579,1429036,244832,927147,219,140,6393,24593,212,87,238439,902554,7,53,103655,2597452,6555,2935,70673,171,2,50,1,0,87,0
Alistipes_putredinis_61533,700161342,SRR413629,542,1440086,247065,934369,204,130,4005,15438,195,77,243060,918931,9,53,105420,2644719,6654,1846,44369,99,2,49,2,0,77,0
Alistipes_putredinis_61533,700161342,SRR413653,787,1438186,246730,933116,304,190,7656,28805,291,127,239074,904311,13,63,103753,2602667,6513,3396,82821,198,2,60,1,0,127,0
Alistipes_putredinis_61533,700161342,mickey3-11-30-0_,3043,1431037,245449,928460,1203,763,44539,169679,1190,622,200910,758781,13,141,87336,2183400,5607,19367,488578,1092,1,138,2,2,615,5
Alistipes_putredinis_61533,700161533,700165224,2989,1383125,237127,897463,1180,726,31962,121217,1129,538,205165,776246,51,188,89179,2234111,5448,13967,348898,786,2,183,3,4,530,4
Alistipes_putredinis_61533,700161872,700161967,2819,1394972,239072,905002,1167,551,31096,116850,1149,470,207976,788152,18,81,90673,2268020,5763,13291,336506,753,3,77,1,2,466,2
Alistipes_putredinis_61533,700161872,700163628,1720,1401071,239965,908958,657,444,16745,62627,639,340,223220,846331,18,104,97458,2435433,6102,7154,180250,477,0,102,2,3,335,2
Alistipes_putredinis_61533,700161872,ERR912002,2339,1405968,241198,912195,967,509,25610,95991,942,404,215588,816204,25,105,93750,2348871,5991,11017,276377,579,1,104,0,2,400,2
Alistipes_putredinis_61533,700161872,ERR912166,2812,1406205,241040,912351,1128,682,31603,118051,1109,534,209437,794300,19,148,91308,2285880,5712,13480,339815,858,1,145,2,5,526,3
Alistipes_putredinis_61533,700161967,700163628,3036,1388245,237602,900579,1189,687,33757,127110,1175,559,203845,773469,14,128,89270,2225497,5640,14441,366019,870,3,125,0,3,553,3
Alistipes_putredinis_61533,700161967,ERR912002,3388,1396141,239322,905727,1368,721,38572,144653,1346,618,200750,761074,22,103,87712,2189909,5601,16401,416643,915,4,99,0,2,613,3
Alistipes_putredinis_61533,700163628,ERR912002,2435,1399072,239677,907610,959,579,29495,110888,938,471,210182,796722,21,108,91784,2292541,5841,12708,319233,723,0,107,1,2,466,3
Alistipes_putredinis_61533,700163628,ERR912166,3126,1399064,239487,907626,1211,819,35552,133193,1186,647,203935,774433,25,172,89227,2228519,5553,15272,383302,1005,0,172,0,5,635,7
Alistipes_putredinis_61533,700165407,ERR912082,2471,1377027,236308,893478,970,622,31607,121481,946,467,204701,771997,24,155,88606,2221853,5532,13918,349751,774,3,152,0,4,463,0
Alistipes_putredinis_61533,700165455,ERR911962,3130,1372925,235484,890825,1204,795,39358,149543,1181,627,196126,741282,23,168,84978,2133585,5283,17295,430389,945,1,166,1,3,623,1
Alistipes_putredinis_61533,700165455,ERR912012,2988,1389972,238465,902001,1114,803,36957,140063,1098,623,201508,761938,16,180,87470,2192944,5400,16149,403122,918,1,178,1,6,615,2
Alistipes_putredinis_61533,700165455,ERR912172,3183,1389732,238458,901836,1221,854,37772,141942,1180,671,200686,759894,41,183,87507,2186742,5433,16154,408766,906,2,181,0,3,666,2
Alistipes_putredinis_61533,700166862,SRR413584,1974,1399358,239470,907947,806,477,26556,100814,736,352,212914,807133,70,125,93126,2322315,5958,11491,290351,600,4,121,0,0,349,3
Alistipes_putredinis_61533,700173023,ERR912014,1480,1395838,239531,905675,587,398,14560,54852,555,283,224971,850823,32,115,97942,2448497,6030,6091,158147,318,2,113,0,1,280,2
Alistipes_putredinis_61533,700173320,ERR911998,2031,1393159,238997,903987,846,483,27443,103844,818,331,211554,800143,28,152,91945,2302895,5589,11910,298947,675,2,150,0,0,331,0
Alistipes_putredinis_61533,700173320,ERR912052,2371,1392386,238881,903502,974,560,31142,116831,945,404,207739,786671,29,156,90277,2264165,5571,13518,336282,693,1,155,0,1,402,1
Alistipes_putredinis_61533,700173320,ERR912114,2952,1390580,238556,902268,1215,680,37863,143595,1187,518,200693,758673,28,162,87353,2183365,5301,16268,413581,936,1,161,0,3,514,1
Alistipes_putredinis_61533,700173320,ERR912187,2383,1389112,238347,901383,989,588,25912,96110,952,402,212435,805273,37,186,92716,2317394,5709,10855,276905,570,1,183,2,3,399,0
Alistipes_putredinis_61533,700173320,ERR912194,2936,1388995,238270,901279,1222,662,38508,145481,1187,503,199762,755798,35,159,87035,2175103,5256,16476,419022,945,1,158,0,3,499,1
Alistipes_putredinis_61533,700175331,ERR911985,2910,1391498,238918,902987,1147,700,32944,125198,1109,556,205974,777789,38,144,89404,2238404,5559,14256,360594,744,2,141,1,5,549,2
Alistipes_putredinis_61533,700175331,ERR912012,3097,1391433,238829,902965,1181,787,39645,149284,1160,596,199184,753681,21,191,86843,2168794,5406,16871,430099,882,0,190,1,4,588,4
Alistipes_putredinis_61533,700175331,ERR912110,3144,1392303,238951,903525,1236,793,47487,179260,1199,604,191464,724265,37,189,83442,2084115,5238,20327,516394,1059,1,187,1,3,599,2
Alistipes_putredinis_61533,700175331,ERR912172,3413,1390618,238737,902452,1321,896,41968,157448,1276,722,196769,745004,45,174,85882,2143781,5349,17812,453587,945,0,174,0,4,714,4
Alistipes_putredinis_61533,ERR911954,ERR911956,2966,1441135,247397,935017,1201,700,35428,134105,1174,601,211969,800912,27,99,91815,2304999,5922,15486,385971,858,1,97,1,3,597,1
Alistipes_putredinis_61533,ERR911954,ERR911960,2993,1437982,246864,932986,1178,771,48571,183707,1161,670,198293,749279,17,101,86097,2156214,5526,20976,528915,1230,1,99,1,1,665,4
Alistipes_putredinis_61533,ERR911954,ERR911966,2775,1426629,244930,925632,1085,686,34442,130217,1049,536,210488,795415,36,150,91267,2289062,5916,14975,374872,804,2,146,2,1,533,2
Alistipes_putredinis_61533,ERR911954,ERR911970,2951,1434403,246221,930656,1156,714,32126,120765,1124,567,214095,809891,32,147,93005,2330725,5943,13893,347592,810,1,145,1,1,566,0
Alistipes_putredinis_61533,ERR911954,ERR911988,2938,1437207,246670,932500,1137,758,42155,159372,1103,604,204515,773128,34,154,88728,2225016,5640,18306,458700,1110,1,151,2,1,599,4
Alistipes_putredinis_61533,ERR911954,ERR911995,2447,1434433,246184,930709,978,638,38208,143776,947,538,207976,786933,31,100,90624,2264361,5814,16246,414149,933,2,97,1,1,535,2
Alistipes_putredinis_61533,ERR911954,ERR911999,1995,1442244,247573,935780,778,493,22245,83019,755,404,225328,852761,23,89,98008,2454002,6273,9428,239092,537,2,86,1,0,404,0
Alistipes_putredinis_61533,ERR911954,ERR912000,1679,1443735,247823,936708,655,430,17274,64848,632,328,230549,871860,23,102,100078,2509130,6372,7413,186696,435,2,99,1,0,328,0
Alistipes_putredinis_61533,ERR911954,ERR912007,2258,1426006,244677,925126,894,577,33246,125654,887,470,211431,799472,7,107,91761,2300763,5892,14416,361694,852,2,104,1,2,468,0
Alistipes_putredinis_61533,ERR911954,ERR912009,3083,1434764,246383,930845,1242,753,41825,157980,1209,676,204558,772865,33,77,88646,2224315,5634,18275,454528,1137,1,75,1,3,672,1
Alistipes_putredinis_61533,ERR911954,ERR912013,2570,1442203,247536,935741,977,696,29853,112418,946,538,217683,823323,31,158,94488,2369442,6039,12958,323525,771,2,154,2,1,537,0
Alistipes_putredinis_61533,ERR911954,ERR912033,2177,1441720,247487,935386,850,522,22584,84447,814,407,224903,850939,36,115,97761,2448807,6249,9608,243190,543,1,112,2,1,406,0
Alistipes_putredinis_61533,ERR911954,ERR912041,3469,1419718,243549,921083,1371,876,49173,186196,1342,717,194376,734887,29,159,84210,2115093,5358,21557,535675,1356,2,156,1,2,711,4
Alistipes_putredinis_61533,ERR911954,ERR912048,1884,1436348,246509,931833,715,487,19318,72130,687,366,227191,859703,28,121,98722,2474090,6297,8225,207694,471,2,118,1,0,366,0
Alistipes_putredinis_61533,ERR911954,ERR912064,3097,1435723,246446,931472,1226,777,42147,159316,1191,617,204299,772156,35,160,88643,2222203,5622,18324,458478,1146,2,156,2,1,613,3
Alistipes_putredinis_61533,ERR911954,ERR912071,3218,1439126,247066,933737,1222,865,45597,172608,1196,699,201469,761129,26,166,87283,2190584,5520,19921,496664,1239,2,163,1,3,692,4
Alistipes_putredinis_61533,ERR911954,ERR912072,2373,1442461,247610,935908,931,589,29953,112565,909,461,217657,823343,22,128,94451,2369509,6069,12988,324008,699,2,124,2,1,460,0
Alistipes_putredinis_61533,ERR911954,ERR912086,3020,1439551,247131,934018,1166,787,41763,158052,1137,616,205368,775966,29,171,88964,2233270,5664,18262,454790,1104,2,167,2,1,612,3
Alistipes_putredinis_61533,ERR911954,ERR912096,1364,1441100,247348,935033,509,382,16521,61964,501,310,230827,873069,8,72,100317,2512545,6345,7030,178424,438,1,71,0,3,307,0
Alistipes_putredinis_61533,ERR911954,ERR912100,2001,1444623,247966,937292,768,506,21193,79536,735,358,226773,857756,33,148,98383,2468648,6237,9188,228856,564,1,146,1,0,357,1
Alistipes_putredinis_61533,ERR911954,ERR912103,1981,1442543,247596,935958,746,541,23032,87271,715,396,224564,848687,31,145,97385,2442532,6144,10080,251097,636,1,143,1,0,395,1
Alistipes_putredinis_61533,ERR911954,ERR912111,2474,1440428,247249,934564,981,629,28286,107419,964,530,218963,827145,17,99,94991,2380390,6054,12295,309212,750,2,96,1,1,527,2
Alistipes_putredinis_61533,ERR911954,ERR912124,787,1444952,248046,937506,305,217,10198,38292,298,165,237848,899214,7,52,103240,2587850,6552,4341,110277,258,0,52,0,0,165,0
Alistipes_putredinis_61533,ERR911954,ERR912159,3245,1435671,246454,931496,1254,889,54843,205803,1241,706,191611,725693,13,183,83540,2088226,5313,23417,592552,1440,2,179,2,1,701,4
Alistipes_putredinis_61533,ERR911954,mickey3-11-30-0_,3101,1435595,246354,931384,1213,808,43758,165524,1176,673,202596,765860,37,135,88143,2203830,5607,18872,476554,1146,2,132,1,0,668,5
Alistipes_putredinis_61533,ERR911956,ERR911960,3250,1436786,246600,932203,1273,825,47619,182612,1249,703,198981,749591,24,122,85840,2157371,5562,21135,525543,1158,1,120,1,3,696,4
Alistipes_putredinis_61533,ERR911956,ERR911966,2834,1425819,244731,925104,1113,708,35569,136201,1085,580,209162,788903,28,128,90310,2270534,5865,15867,391914,822,2,125,1,3,574,3
Alistipes_putredinis_61533,ERR911956,ERR911970,3148,1433487,246012,930056,1231,773,38667,146863,1221,665,207345,783193,10,108,89834,2253925,5820,16989,422691,909,0,108,0,4,660,1
Alistipes_putredinis_61533,ERR911956,ERR911988,3131,1436224,246442,931860,1207,825,46470,178028,1171,683,199972,753832,36,142,86261,2169646,5589,20694,512262,1128,1,140,1,3,675,5
Alistipes_putredinis_61533,ERR911956,ERR911995,3000,1433811,246019,930305,1190,764,44092,168022,1165,668,201927,762283,25,96,87590,2193613,5646,19222,483776,1068,0,96,0,3,662,3
Alistipes_putredinis_61533,ERR911956,ERR911999,2148,1441289,247341,935155,845,531,25987,100002,829,428,221354,835153,16,103,95663,2403616,6180,11707,287702,597,1,102,0,3,424,1
Alistipes_putredinis_61533,ERR911956,ERR912000,2023,1442078,247491,935635,787,542,23232,89194,774,456,224259,846441,13,86,97101,2435982,6240,10273,256769,540,0,86,0,4,451,1
Alistipes_putredinis_61533,ERR911956,ERR912007,2698,1426405,244711,925406,1077,677,37330,142205,1071,582,207381,783201,6,95,89621,2254174,5808,16580,409132,903,0,95,0,5,576,1
Alistipes_putredinis_61533,ERR911956,ERR912009,2993,1434076,246222,930393,1197,770,38247,145874,1154,647,207975,784519,43,123,89867,2257912,5778,16993,419657,972,0,123,0,6,639,2
Alistipes_putredinis_61533,ERR911956,ERR912013,2531,1441465,247344,935275,962,670,32759,125049,935,527,214585,810226,27,143,92789,2331877,6012,14608,359768,771,0,143,0,3,522,2
Alistipes_putredinis_61533,ERR911956,ERR912033,2367,1440831,247272,934796,928,598,27969,106828,914,494,219303,827968,14,104,94920,2382825,6159,12380,307498,606,0,103,1,4,489,1
Alistipes_putredinis_61533,ERR911956,ERR912048,1982,1437085,246582,932337,756,508,24081,92456,742,418,222501,839881,14,90,96268,2417183,6192,10732,266096,540,0,90,0,3,414,1
Alistipes_putredinis_61533,ERR911956,ERR912064,3320,1434682,246206,930792,1309,828,46882,179269,1281,706,199324,751523,28,122,86108,2162869,5592,20765,515899,1143,1,120,1,4,698,4
Alistipes_putredinis_61533,ERR911956,ERR912071,3300,1438344,246872,933228,1255,884,51454,197603,1230,746,195418,735625,25,138,84070,2117342,5463,23069,568477,1263,0,137,1,7,735,4
Alistipes_putredinis_61533,ERR911956,ERR912072,2483,1441516,247377,935306,964,651,32641,124869,943,520,214736,810437,21,131,92837,2332426,6048,14540,359374,693,0,130,1,5,514,1
Alistipes_putredinis_61533,ERR911956,ERR912086,3171,1438754,246930,933496,1220,834,47048,180339,1197,692,199882,753157,23,142,86196,2167677,5598,20969,518911,1137,2,139,1,3,685,4
Alistipes_putredinis_61533,ERR911956,ERR912096,3205,1437785,246754,932891,1250,798,38206,145379,1225,649,208548,787512,25,149,90321,2266395,5820,16778,418426,933,1,147,1,7,641,1
Alistipes_putredinis_61533,ERR911956,ERR912100,2169,1443515,247728,936578,835,545,26081,100222,816,419,221647,836356,19,126,95776,2407142,6150,11716,288332,618,0,126,0,3,414,2
Alistipes_putredinis_61533,ERR911956,ERR912103,2224,1441235,247307,935110,837,610,25740,99463,821,479,221567,835647,16,131,95678,2405116,6147,11697,286089,603,0,131,0,3,474,2
Alistipes_putredinis_61533,ERR911956,ERR912111,2854,1439178,246973,933749,1123,726,38192,146673,1116,622,208781,787076,7,104,90319,2265077,5832,16879,422201,939,1,103,0,4,615,3
Alistipes_putredinis_61533,ERR911956,ERR912124,2637,1442441,247586,935893,1051,613,31475,120408,1026,505,216111,815485,25,108,93329,2347072,6054,14067,346437,720,1,106,1,3,501,1
Alistipes_putredinis_61533,ERR911957,ERR911968,866,1397696,239774,906886,284,279,4344,16675,208,111,235430,890211,76,168,102306,2562036,6291,1913,48034,78,1,167,0,0,111,0
Alistipes_putredinis_61533,ERR911957,ERR911976,942,1402117,240584,909751,347,238,8665,33215,326,152,231919,876536,21,86,100668,2522745,6195,3851,95614,180,0,86,0,0,152,0
Alistipes_putredinis_61533,ERR911957,ERR911977,947,1403771,240882,910856,365,244,8930,33671,325,151,231952,877185,40,93,100874,2524519,6162,3764,97030,219,1,92,0,0,151,0
Alistipes_putredinis_61533,ERR911957,ERR911990,2337,1396196,239593,905909,856,615,28840,108720,819,415,210753,797189,37,200,91727,2294218,5622,12395,313075,690,2,197,1,0,415,0
Alistipes_putredinis_61533,ERR911957,ERR912004,1971,1400481,240256,908684,743,543,20565,77681,675,324,219691,831003,68,219,95602,2391533,5874,8780,223783,480,0,219,0,1,323,0
Alistipes_putredinis_61533,ERR911957,ERR912066,1905,1402747,240647,910193,699,536,23490,88044,636,348,217157,822149,63,188,94643,2365966,5838,9922,253676,534,1,187,0,1,346,1
Alistipes_putredinis_61533,ERR911957,ERR912170,892,1402618,240657,910100,316,261,6668,25271,285,161,233989,884829,31,100,101586,2546685,6216,2969,72703,141,1,99,0,0,161,0
Alistipes_putredinis_61533,ERR911957,ERR912199,2568,1398368,239942,907396,964,677,30577,114486,899,463,209365,792910,65,214,91308,2281803,5619,12964,329789,705,2,212,0,2,461,0
Alistipes_putredinis_61533,ERR911960,ERR911963,1156,1441357,247413,935190,455,278,14694,55870,441,223,232719,879320,14,55,100928,2530732,6300,6395,160789,426,0,55,0,1,222,0
Alistipes_putredinis_61533,ERR911960,ERR911966,2330,1427246,245019,926037,861,638,27975,107723,828,499,217044,818314,33,139,93736,2355242,5964,12516,309936,717,3,135,1,0,493,6
Alistipes_putredinis_61533,ERR911960,ERR911970,3261,1432091,245794,929160,1239,841,43227,163937,1220,686,202567,765223,19,155,88105,2202011,5553,18604,472058,1149,1,154,0,1,681,4
Alistipes_putredinis_61533,ERR911960,ERR911988,629,1440624,247235,934715,228,168,9551,36552,217,122,237684,898163,11,46,102928,2585030,6531,4317,105129,210,0,46,0,0,121,1
Alistipes_putredinis_61533,ERR911960,ERR911995,2690,1431828,245688,929022,1085,693,39890,150406,1059,562,205798,778616,26,131,89738,2240377,5733,16913,433333,972,2,129,0,1,559,2
Alistipes_putredinis_61533,ERR911960,ERR911996,2599,1435109,246261,931184,1005,643,28820,110935,997,541,217441,820249,8,102,93905,2360923,5919,12951,319050,804,0,102,0,4,537,0
Alistipes_putredinis_61533,ERR911960,ERR911999,2312,1439084,246952,933722,888,617,33235,126722,855,468,213717,807000,33,149,92782,2322242,5976,14420,364960,786,1,147,1,1,464,3
Alistipes_putredinis_61533,ERR911960,ERR912000,2155,1439534,247054,934006,808,623,29471,112127,789,490,217583,821879,19,133,94458,2365155,6024,12733,322919,729,1,131,1,0,487,3
Alistipes_putredinis_61533,ERR911960,ERR912007,2997,1422311,244010,922742,1172,776,38880,147532,1147,633,205130,775210,25,143,89044,2230910,5676,16858,424727,1011,2,140,1,2,628,3
Alistipes_putredinis_61533,ERR911960,ERR912013,2813,1439217,246973,933788,1048,795,45206,171142,1025,650,201767,762646,23,145,87770,2194564,5604,19423,492845,1158,1,143,1,2,644,4
Alistipes_putredinis_61533,ERR911960,ERR912026,2376,1438260,246866,933157,916,656,32345,121842,901,524,214521,811315,15,132,93179,2334820,5946,13928,350803,795,3,129,0,3,519,2
Alistipes_putredinis_61533,ERR911960,ERR912033,2272,1438789,246953,933504,869,620,32629,123191,851,482,214324,810313,18,138,93148,2331851,5940,13983,354789,801,1,136,1,1,477,4
Alistipes_putredinis_61533,ERR911960,ERR912041,1485,1423106,244107,923278,589,379,20511,77846,578,306,223596,845432,11,73,96869,2433277,6150,9108,223884,546,1,72,0,1,305,0
Alistipes_putredinis_61533,ERR911960,ERR912048,2011,1432654,245826,929467,754,569,30640,116748,737,444,215186,812719,17,125,93365,2338840,5952,13316,336166,762,1,123,1,1,440,3
Alistipes_putredinis_61533,ERR911960,ERR912062,1706,1440837,247279,934846,635,470,22918,88040,624,364,224361,846806,11,106,96961,2437241,6216,10360,253220,540,5,101,0,4,359,1
Alistipes_putredinis_61533,ERR911960,ERR912063,1314,1441111,247299,935044,492,343,15221,57676,471,267,232078,877368,21,76,100633,2525123,6348,6693,165945,390,1,74,1,0,267,0
Alistipes_putredinis_61533,ERR911960,ERR912064,980,1438735,246942,933432,392,225,13262,50692,387,177,233680,882740,5,48,101177,2540617,6426,5958,145800,318,0,48,0,1,176,0
Alistipes_putredinis_61533,ERR911960,ERR912071,953,1441979,247510,935580,345,260,9744,37303,334,197,237766,898277,11,63,102976,2585357,6498,4397,107266,246,1,62,0,2,195,0
Alistipes_putredinis_61533,ERR911960,ERR912072,2481,1440368,247209,934573,985,635,35849,136644,962,491,211360,797929,23,144,91531,2296385,5871,15726,393351,855,1,141,2,2,486,3
Alistipes_putredinis_61533,ERR911960,ERR912086,817,1442490,247583,935912,305,216,12733,49145,297,177,234850,886767,8,39,101638,2552189,6474,5779,141374,282,0,39,0,1,176,0
Alistipes_putredinis_61533,ERR911960,ERR912096,3241,1435947,246467,931694,1252,832,44707,170310,1222,670,201760,761384,30,162,87373,2191214,5565,19552,490211,1167,2,160,0,4,661,5
Alistipes_putredinis_61533,ERR911960,ERR912100,2127,1441002,247302,934957,814,584,32948,124684,789,444,214354,810273,25,140,93078,2331882,5859,14215,358946,891,1,138,1,0,440,4
Alistipes_putredinis_61533,ERR911960,ERR912103,2185,1439939,247124,934286,809,625,32240,123258,788,519,214884,811028,21,106,93129,2334060,5895,14131,354812,831,1,105,0,0,516,3
Alistipes_putredinis_61533,ERR911960,ERR912111,2895,1437566,246711,932707,1112,781,40812,155616,1096,667,205899,777091,16,114,89368,2236148,5757,17697,448155,996,2,112,0,1,662,4
Alistipes_putredinis_61533,ERR911960,ERR912124,2707,1438234,246873,933171,1063,683,37398,141932,1034,538,209475,791239,29,145,90836,2277034,5847,16243,408653,900,2,142,1,0,534,4
Alistipes_putredinis_61533,ERR911960,ERR912144,1290,1439498,247062,933957,482,349,18548,70298,458,268,228514,863659,24,81,99065,2485639,6273,8127,202299,468,3,78,0,3,265,0
Alistipes_putredinis_61533,ERR911960,ERR912152,1290,1438675,246950,933440,487,360,11809,44988,465,249,235141,888452,22,111,101904,2556984,6468,5253,129438,273,1,110,0,2,246,1
Alistipes_putredinis_61533,ERR911960,ERR912159,1104,1439231,247033,933814,413,327,16874,63142,401,250,230159,870672,12,77,99988,2505737,6291,7173,181803,450,0,77,0,1,248,1
Alistipes_putredinis_61533,ERR911960,ERR912175,1466,1439031,246987,933682,585,374,18817,71518,565,272,228170,862164,20,102,98947,2481293,6252,8208,205869,477,1,100,1,1,270,1
Alistipes_putredinis_61533,ERR911960,mickey3-11-30-0_,1146,1436593,246476,932029,449,317,13719,52587,442,272,232757,879442,7,45,101003,2530900,6423,6064,151394,303,0,45,0,0,271,1
Alistipes_putredinis_61533,ERR911962,ERR911985,3157,1377687,236450,893898,1267,687,37470,142545,1215,547,198980,751353,52,140,86145,2162499,5415,16423,410408,804,2,136,2,2,544,1
Alistipes_putredinis_61533,ERR911962,ERR912012,2645,1378876,236517,894695,1025,615,31063,118210,1010,483,205454,776485,15,132,88999,2234960,5496,13720,340187,723,0,132,0,3,479,1
Alistipes_putredinis_61533,ERR911962,ERR912018,2994,1377173,236244,893545,1164,754,39321,149035,1130,617,196923,744510,34,137,85470,2142705,5355,17111,429064,930,2,135,0,3,612,2
Alistipes_putredinis_61533,ERR911962,ERR912054,3033,1377967,236354,894096,1215,700,34403,131001,1183,543,201951,763095,32,157,87511,2196323,5451,15143,377083,777,1,155,1,1,542,0
Alistipes_putredinis_61533,ERR911962,ERR912090,3330,1378775,236531,894587,1296,796,42422,161856,1262,673,194109,732731,34,123,84024,2109039,5130,18666,465801,1101,1,120,2,2,670,1
Alistipes_putredinis_61533,ERR911962,ERR912110,2679,1379176,236592,894889,1084,618,36370,137935,1056,517,200222,756954,28,101,86836,2178638,5388,15884,397096,825,2,98,1,2,515,0
Alistipes_putredinis_61533,ERR911962,ERR912157,3358,1378279,236397,894344,1353,735,34745,132491,1334,626,201652,761853,19,109,87350,2192791,5418,15341,381304,828,0,109,0,3,622,1
Alistipes_putredinis_61533,ERR911962,ERR912172,2935,1377881,236421,894055,1149,734,33874,127197,1118,614,202547,766858,31,120,88133,2206996,5445,14536,366260,795,1,119,0,3,609,2
Alistipes_putredinis_61533,ERR911963,ERR911966,2488,1427401,245043,926153,954,672,31035,118508,920,534,214008,807645,34,138,92713,2324396,5826,13601,341077,846,3,135,0,1,526,7
Alistipes_putredinis_61533,ERR911963,ERR911970,3553,1432325,245845,929310,1346,919,45914,173637,1317,732,199931,755673,29,187,87027,2174565,5427,19743,499908,1260,2,185,0,1,727,4
Alistipes_putredinis_61533,ERR911963,ERR911988,1006,1440649,247261,934727,402,248,12439,47217,390,181,234822,887510,12,67,101862,2554308,6360,5432,135859,360,1,66,0,0,180,1
Alistipes_putredinis_61533,ERR911963,ERR911995,3009,1432016,245728,929138,1226,760,45503,171753,1200,611,200225,757385,26,149,87282,2179383,5490,19437,494616,1206,4,145,0,0,609,2
Alistipes_putredinis_61533,ERR911963,ERR911996,2511,1435823,246390,931651,1001,581,30431,116600,991,483,215959,815051,10,98,93561,2345769,5823,13394,335515,891,0,98,0,3,480,0
Alistipes_putredinis_61533,ERR911963,ERR911999,2522,1439155,246974,933774,992,652,34494,130788,954,495,212480,802986,38,157,92463,2310654,5841,14786,376678,900,2,155,0,1,490,4
Alistipes_putredinis_61533,ERR911963,ERR912000,2419,1439704,247103,934117,929,677,30703,116719,902,529,216400,817398,27,148,93989,2352295,5910,13258,336077,822,3,145,0,0,525,4
Alistipes_putredinis_61533,ERR911963,ERR912007,3305,1422300,244028,922736,1301,846,40369,152600,1270,688,203659,770136,31,158,88555,2216264,5589,17385,439335,1080,2,156,0,3,681,4
Alistipes_putredinis_61533,ERR911963,ERR912026,2361,1438688,246958,933439,948,615,31555,118211,931,479,215403,815228,17,136,93774,2346018,5892,13415,340384,834,5,130,1,0,478,1
Alistipes_putredinis_61533,ERR911963,ERR912033,2520,1439080,247012,933694,1001,675,32523,122953,976,513,214489,810741,25,162,93271,2333078,5874,13927,354080,852,2,160,0,1,507,5
Alistipes_putredinis_61533,ERR911963,ERR912041,1815,1423019,244095,923238,738,443,25183,95097,729,360,218912,828141,9,83,95200,2383265,5958,10808,273760,723,2,81,0,1,359,0
Alistipes_putredinis_61533,ERR911963,ERR912048,2268,1432790,245862,929555,878,616,30961,117085,855,471,214901,812470,23,145,93474,2338047,5889,13259,337186,810,2,143,0,1,466,4
Alistipes_putredinis_61533,ERR911963,ERR912062,1931,1441052,247328,935002,733,512,24927,95313,712,383,222401,839689,21,129,96337,2416646,6084,11043,274245,651,4,125,0,6,376,1
Alistipes_putredinis_61533,ERR911963,ERR912063,1592,1441263,247336,935143,637,375,18192,68550,621,280,229144,866593,16,95,99543,2494032,6204,7827,197310,513,2,92,1,0,280,0
Alistipes_putredinis_61533,ERR911963,ERR912064,1287,1438799,246959,933479,530,285,16559,62779,525,221,230400,870700,5,64,99977,2505892,6231,7211,180622,504,1,63,0,1,220,0
Alistipes_putredinis_61533,ERR911963,ERR912071,1045,1442150,247546,935706,422,237,11380,43067,412,171,236166,892639,10,66,102483,2569050,6384,4950,123906,345,1,65,0,1,170,0
Alistipes_putredinis_61533,ERR911963,ERR912072,2744,1440448,247226,934632,1106,687,37615,142428,1079,522,209611,792204,27,165,90978,2279862,5772,16334,410011,939,2,162,1,2,516,4
Alistipes_putredinis_61533,ERR911963,ERR912086,881,1442778,247656,936109,377,181,10958,42016,370,140,236698,894093,7,41,102670,2573165,6444,4809,120942,297,0,41,0,0,140,0
Alistipes_putredinis_61533,ERR911963,ERR912096,3501,1436048,246486,931776,1357,890,47435,180524,1323,701,199051,751252,34,189,86396,2161864,5496,20588,519763,1221,3,186,0,4,692,5
Alistipes_putredinis_61533,ERR911963,ERR912100,2385,1441200,247338,935094,937,632,35165,133561,908,469,212173,801533,29,163,92130,2306727,5742,15227,384463,993,2,161,0,0,464,5
Alistipes_putredinis_61533,ERR911963,ERR912103,2412,1440130,247172,934406,924,653,31445,119405,895,501,215727,815001,29,152,93763,2345360,5880,13559,343825,831,2,150,0,0,498,3
Alistipes_putredinis_61533,ERR911963,ERR912111,3204,1437723,246750,932816,1253,829,42150,160608,1232,688,204600,772208,21,141,88952,2222023,5649,18175,462560,1089,3,138,0,1,683,4
Alistipes_putredinis_61533,ERR911963,ERR912124,2979,1438424,246911,933295,1186,736,41191,155845,1159,582,205720,777450,27,154,89432,2237257,5661,17710,448754,1071,2,152,0,1,576,5
Alistipes_putredinis_61533,ERR911963,ERR912144,1681,1439395,247068,933897,660,415,20542,77877,635,315,226526,856020,25,100,98297,2463583,6180,8929,224159,543,3,97,0,4,311,0
Alistipes_putredinis_61533,ERR911963,ERR912152,1290,1438919,247007,933606,500,316,12139,46183,477,211,234868,887423,23,105,101899,2553971,6399,5316,132906,327,1,104,0,1,209,1
Alistipes_putredinis_61533,ERR911963,ERR912159,1001,1440028,247167,934338,414,245,12509,46644,409,184,234658,887694,5,61,101996,2554690,6396,5261,134332,339,0,61,0,0,183,1
Alistipes_putredinis_61533,ERR911963,ERR912175,1342,1439794,247123,934184,575,295,16305,62482,557,210,230818,871702,18,85,100065,2508735,6306,7181,179839,426,1,83,1,0,209,1
Alistipes_putredinis_61533,ERR911963,mickey3-11-30-0_,1498,1436643,246503,932073,603,386,15996,61202,589,300,230507,870871,14,86,100142,2506201,6270,6966,176199,441,1,85,0,0,299,1
Alistipes_putredinis_61533,ERR911966,ERR911970,3169,1420828,243882,921868,1217,792,38092,144462,1202,649,205790,777406,15,143,89195,2237233,5790,16675,415838,873,2,140,1,1,646,2
Alistipes_putredinis_61533,ERR911966,ERR911988,2181,1426469,244833,925553,803,601,28881,110565,773,462,215952,814988,30,139,93297,2345718,5949,12916,318050,729,3,135,1,0,455,7
Alistipes_putredinis_61533,ERR911966,ERR911995,2495,1421143,243876,922100,1006,637,37312,141760,980,513,206564,780340,26,124,89703,2245515,5802,16154,408250,876,3,120,1,1,508,4
Alistipes_putredinis_61533,ERR911966,ERR911999,1886,1427895,245045,926501,732,495,21477,81529,701,355,223568,844972,31,140,97020,2431644,6252,9370,234752,465,2,137,1,1,352,2
Alistipes_putredinis_61533,ERR911966,ERR912000,1725,1428848,245240,927088,657,459,20573,78373,639,339,224667,848715,18,120,97445,2442460,6240,8961,225675,483,3,116,1,0,337,2
Alistipes_putredinis_61533,ERR911966,ERR912007,2668,1411132,242120,915499,1048,667,33100,126065,1027,540,209020,789434,21,127,90431,2272018,5853,14639,362758,798,3,123,1,2,536,2
Alistipes_putredinis_61533,ERR911966,ERR912009,3135,1420006,243807,921291,1263,787,41499,157937,1232,643,202308,763354,31,144,87408,2196996,5658,18418,454361,1032,1,143,0,4,637,2
Alistipes_putredinis_61533,ERR911966,ERR912013,2351,1428283,245125,926729,867,685,26185,98711,816,495,218940,828018,51,190,94982,2382892,6180,11432,284164,537,3,185,2,1,492,2
Alistipes_putredinis_61533,ERR911966,ERR912033,1910,1427249,244979,926022,750,490,21491,80947,724,354,223488,845075,26,136,97058,2431930,6237,9229,233141,471,2,133,1,1,352,1
Alistipes_putredinis_61533,ERR911966,ERR912041,2907,1408953,241710,914121,1123,763,38246,145687,1097,621,203464,768434,26,142,87963,2211759,5580,16971,419034,1056,4,137,1,1,614,6
Alistipes_putredinis_61533,ERR911966,ERR912048,1618,1421879,243991,922497,627,409,18523,70387,608,288,225468,852110,19,121,97756,2452298,6276,8124,202623,414,2,118,1,1,285,2
Alistipes_putredinis_61533,ERR911966,ERR912062,3134,1428062,245118,926595,1165,879,43069,165739,1132,697,202049,760856,33,182,87090,2189922,5556,19293,476775,1149,7,174,1,3,686,8
Alistipes_putredinis_61533,ERR911966,ERR912063,2673,1428016,245078,926589,1008,706,33966,129444,968,556,211112,797145,40,150,91438,2294231,5766,14926,372500,906,2,146,2,0,550,6
Alistipes_putredinis_61533,ERR911966,ERR912064,2524,1426519,244861,925542,961,654,32654,125179,937,522,212207,800363,24,132,91622,2303674,5793,14646,359991,900,2,129,1,2,514,6
Alistipes_putredinis_61533,ERR911966,ERR912071,2443,1428541,245239,926900,881,699,31292,119846,857,540,213947,807054,24,159,92325,2322990,5847,14064,344634,840,4,154,1,2,532,6
Alistipes_putredinis_61533,ERR911966,ERR912072,2161,1428825,245246,927100,867,540,26804,101845,841,418,218442,825255,26,122,94585,2375090,6090,11834,293101,600,2,118,2,2,414,2
Alistipes_putredinis_61533,ERR911966,ERR912086,2244,1429334,245370,927406,828,635,29419,112788,797,487,215951,814618,31,148,93173,2344783,5898,13267,324299,798,4,143,1,0,481,6
Alistipes_putredinis_61533,ERR911966,ERR912096,3018,1423442,244320,923605,1164,760,36667,138751,1132,607,207653,784854,32,153,90045,2258673,5844,16001,399403,849,2,149,2,4,601,2
Alistipes_putredinis_61533,ERR911966,ERR912100,1755,1430112,245437,927917,686,453,20521,78395,661,312,224916,849522,25,141,97378,2444972,6216,9110,225574,501,2,138,1,0,309,3
Alistipes_putredinis_61533,ERR911966,ERR912103,1877,1429047,245258,927236,703,516,21283,81378,677,376,223975,845858,26,140,96958,2434427,6189,9493,234137,504,2,137,1,0,373,3
Alistipes_putredinis_61533,ERR911966,ERR912111,2640,1426599,244874,925611,1031,687,32282,123142,1015,571,212592,802469,16,116,92141,2309305,5961,14114,354562,750,3,112,1,1,566,4
Alistipes_putredinis_61533,ERR911966,ERR912124,2344,1427469,245031,926206,919,562,28261,107801,888,438,216770,818405,31,124,93811,2355284,6120,12480,310323,600,2,120,2,1,435,2
Alistipes_putredinis_61533,ERR911966,ERR912144,2790,1426644,244876,925649,1027,757,36913,140744,985,602,207963,784905,42,155,89985,2258946,5784,16258,405077,897,4,150,1,3,593,6
Alistipes_putredinis_61533,ERR911966,ERR912152,2710,1425930,244808,925220,1016,747,31984,122363,970,558,212824,802857,46,189,91896,2310783,5892,14325,351975,789,4,183,2,0,552,6
Alistipes_putredinis_61533,ERR911966,ERR912159,2649,1426455,244873,925539,980,755,36559,138667,953,581,208314,786872,27,174,90233,2264653,5730,16011,399030,960,4,169,1,0,574,7
Alistipes_putredinis_61533,ERR911966,ERR912175,2790,1425911,244776,925205,1066,734,37043,141751,1026,581,207733,783454,40,153,89835,2254806,5721,16367,407938,948,3,149,1,0,575,6
Alistipes_putredinis_61533,ERR911966,mickey3-11-30-0_,2448,1424437,244412,924188,933,674,32042,123101,909,549,212370,801087,24,125,91912,2305496,5853,14268,354207,828,2,122,1,1,541,7
Alistipes_putredinis_61533,ERR911968,ERR911976,673,1400814,240356,908872,208,253,3951,15418,139,57,236405,893454,69,196,102582,2571474,6306,1786,44393,75,1,195,0,0,57,0
Alistipes_putredinis_61533,ERR911968,ERR911977,719,1402588,240671,910063,242,258,5406,20752,157,76,235265,889311,85,182,102236,2559439,6258,2282,59842,132,2,180,0,0,76,0
Alistipes_putredinis_61533,ERR911968,ERR911990,2212,1394075,239218,904502,758,657,22386,85110,663,380,216832,819392,95,277,94195,2358206,5775,9774,244998,558,3,273,1,1,379,0
Alistipes_putredinis_61533,ERR911968,ERR912066,1680,1401252,240375,909208,586,548,19326,73658,472,253,221049,835550,114,295,96038,2404720,5892,8399,212083,492,3,292,0,0,252,1
Alistipes_putredinis_61533,ERR911968,ERR912170,652,1401423,240445,909285,193,266,2228,8497,113,64,238217,900788,80,202,103411,2592626,6327,1037,24409,45,2,200,0,0,64,0
Alistipes_putredinis_61533,ERR911970,ERR911988,3187,1431375,245628,928705,1195,837,40827,154166,1164,678,204801,774539,31,159,89092,2228915,5610,17580,443829,1089,1,158,0,1,672,5
Alistipes_putredinis_61533,ERR911970,ERR911995,3085,1427543,244950,926230,1229,733,35895,134635,1208,589,209055,791595,21,144,91235,2277721,5829,15189,387855,861,1,143,0,2,585,2
Alistipes_putredinis_61533,ERR911970,ERR911999,2369,1434746,246204,930915,912,579,24091,90610,898,465,222113,840305,14,114,96623,2418103,6189,10348,260918,564,1,113,0,1,464,0
Alistipes_putredinis_61533,ERR911970,ERR912000,2194,1435772,246423,931562,823,575,21687,81395,810,460,224736,850167,13,115,97693,2446607,6201,9297,234333,555,1,114,0,1,459,0
Alistipes_putredinis_61533,ERR911970,ERR912007,1702,1421442,243848,922135,673,452,15038,54932,657,348,228810,867203,16,104,99726,2495607,6276,6189,158178,429,1,103,0,1,347,0
Alistipes_putredinis_61533,ERR911970,ERR912009,3403,1429211,245338,927270,1368,833,38135,144489,1330,701,207203,782781,38,132,89873,2252791,5679,16721,415705,1041,0,132,0,4,696,1
Alistipes_putredinis_61533,ERR911970,ERR912013,2941,1435439,246307,931350,1119,754,32433,121745,1092,602,213874,809605,27,152,93054,2329740,6021,13968,350535,732,0,151,1,3,599,0
Alistipes_putredinis_61533,ERR911970,ERR912033,2532,1435851,246399,931594,951,650,24896,92846,929,502,221503,838748,22,148,96456,2413623,6165,10574,267394,570,1,147,0,1,500,1
Alistipes_putredinis_61533,ERR911970,ERR912041,3678,1414428,242569,917643,1417,949,45754,173063,1386,783,196815,744580,31,166,85473,2142876,5391,19967,497959,1263,1,165,0,3,776,4
Alistipes_putredinis_61533,ERR911970,ERR912048,2228,1428560,245101,926805,822,580,20945,78345,802,434,224156,848460,20,146,97461,2441679,6240,9016,225557,462,2,144,0,0,434,0
Alistipes_putredinis_61533,ERR911970,ERR912064,3254,1429722,245360,927576,1250,821,42519,160830,1228,677,202841,766746,22,144,88234,2206430,5574,18344,463009,1137,1,143,0,2,671,4
Alistipes_putredinis_61533,ERR911970,ERR912071,3359,1433453,246026,930057,1240,914,42003,158832,1212,733,204023,771225,28,181,88650,2219475,5550,18198,457146,1152,2,179,0,3,726,4
Alistipes_putredinis_61533,ERR911970,ERR912072,2659,1436382,246499,931964,1018,688,27885,104421,998,541,218614,827543,20,147,95055,2381475,6099,12017,300628,618,2,144,1,1,540,0
Alistipes_putredinis_61533,ERR911970,ERR912086,3198,1434284,246151,930607,1186,857,39689,149997,1160,648,206462,780610,26,209,89764,2246378,5688,17137,431831,1023,3,205,1,0,645,3
Alistipes_putredinis_61533,ERR911970,ERR912096,3239,1432569,245874,929496,1242,792,32778,123355,1214,633,213096,806141,28,159,92628,2319879,5916,14167,355076,822,1,157,1,5,628,0
Alistipes_putredinis_61533,ERR911970,ERR912100,2417,1436360,246490,931926,897,615,23421,88004,878,483,223069,843922,19,132,96887,2428702,6177,10169,253282,561,0,132,0,1,481,1
Alistipes_putredinis_61533,ERR911970,ERR912103,2424,1436078,246441,931767,905,593,23170,87116,890,462,223271,844651,15,131,97025,2430742,6186,10045,250769,534,0,131,0,1,460,1
Alistipes_putredinis_61533,ERR911970,ERR912111,2913,1434154,246132,930490,1149,681,30897,117022,1141,580,215235,813468,8,101,93449,2340973,5982,13446,336855,765,1,100,0,2,576,2
Alistipes_putredinis_61533,ERR911970,ERR912124,2744,1435454,246371,931345,1057,654,29169,109670,1031,531,217202,821675,26,123,94367,2364604,6054,12592,315719,699,1,121,1,1,530,0
Alistipes_putredinis_61533,ERR911970,ERR912144,3705,1431881,245698,929041,1392,982,46082,173928,1355,759,199616,755113,37,223,86933,2172925,5481,19802,500755,1227,3,220,0,3,752,4
Alistipes_putredinis_61533,ERR911970,ERR912152,3492,1430311,245505,928032,1289,947,43446,164216,1253,703,202059,763816,36,244,87926,2197915,5607,18721,472826,1101,3,239,2,0,700,3
Alistipes_putredinis_61533,ERR911970,ERR912159,3405,1429921,245399,927771,1256,949,47902,180464,1235,732,197497,747307,21,217,86037,2150460,5424,20550,519564,1278,2,215,0,1,726,5
Alistipes_putredinis_61533,ERR911970,mickey3-11-30-0_,3411,1429214,245196,927245,1306,903,40124,151441,1275,726,205072,775804,31,177,89463,2232267,5682,17156,436141,1026,2,174,1,0,722,4
Alistipes_putredinis_61533,ERR911976,ERR911977,821,1408796,241772,914105,307,225,10332,39470,273,114,231440,874635,34,111,100537,2517197,6171,4425,113742,243,1,110,0,0,114,0
Alistipes_putredinis_61533,ERR911976,ERR911990,2199,1399119,240144,907762,784,603,27216,102982,750,403,212928,804780,34,200,92463,2316186,5691,11824,296459,663,2,197,1,1,402,0
Alistipes_putredinis_61533,ERR911976,ERR912004,1840,1404301,240962,911163,682,531,21574,82038,633,312,219388,829125,49,219,95239,2386271,5865,9365,236227,522,1,218,0,0,312,0
Alistipes_putredinis_61533,ERR911976,ERR912066,1771,1406188,241249,912428,636,528,23850,90158,589,322,217399,822270,47,206,94548,2366424,5838,10214,259696,564,2,204,0,0,321,1
Alistipes_putredinis_61533,ERR911976,ERR912087,2594,1396122,239517,905906,975,699,32070,120580,925,474,207447,785326,50,225,90584,2259805,5589,13532,347446,762,3,222,0,3,471,0
Alistipes_putredinis_61533,ERR911976,ERR912135,2442,1401198,240408,909229,935,633,26746,100784,874,411,213662,808445,61,222,92974,2326610,5751,11458,290264,630,3,218,1,2,409,0
Alistipes_putredinis_61533,ERR911976,ERR912155,2314,1406504,241287,912591,902,542,36299,139014,839,344,204988,773577,63,198,88785,2226387,5559,16020,400179,843,3,194,1,2,342,0
Alistipes_putredinis_61533,ERR911976,ERR912170,731,1406401,241342,912546,245,231,6358,24008,230,134,234984,888538,15,97,101989,2557367,6258,2785,69110,129,1,96,0,0,134,0
Alistipes_putredinis_61533,ERR911976,ERR912199,2463,1402230,240650,909877,920,656,32956,123850,870,444,207694,786027,50,212,90534,2261943,5604,13938,356853,759,3,209,0,2,442,0
Alistipes_putredinis_61533,ERR911977,ERR911982,2334,1405430,241193,911977,902,584,25260,95603,828,379,215933,816374,74,205,93572,2349781,5769,11168,275068,573,3,202,0,2,376,1
Alistipes_putredinis_61533,ERR911977,ERR911990,2294,1400213,240321,908521,852,606,28329,107315,800,423,211992,801206,52,183,92150,2305837,5631,12232,308999,714,2,180,1,2,421,0
Alistipes_putredinis_61533,ERR911977,ERR912004,1597,1406142,241274,912386,610,449,16446,62634,528,210,224828,849752,82,239,97522,2445737,5997,7220,180286,396,2,237,0,0,210,0
Alistipes_putredinis_61533,ERR911977,ERR912066,1513,1408178,241595,913766,561,434,18019,68081,497,238,223576,845685,64,196,97136,2433946,5973,7774,196040,429,3,193,0,0,237,1
Alistipes_putredinis_61533,ERR911977,ERR912087,2413,1397422,239752,906770,927,621,29118,109497,865,435,210634,797273,62,186,91794,2294346,5679,12428,315388,675,3,183,0,4,431,0
Alistipes_putredinis_61533,ERR911977,ERR912135,2261,1402537,240644,910135,893,555,23509,88352,811,348,217135,821783,82,207,94414,2365121,5814,10136,254365,555,3,204,0,3,344,1
Alistipes_putredinis_61533,ERR911977,ERR912155,1943,1408429,241657,913847,796,417,40183,153764,734,268,201474,760083,62,149,87286,2187620,5343,17660,442573,1059,2,146,1,2,266,0
Alistipes_putredinis_61533,ERR911977,ERR912170,758,1407655,241561,913375,279,237,7186,26915,239,147,234375,886460,40,90,101860,2551298,6222,3002,77578,165,2,88,0,0,147,0
Alistipes_putredinis_61533,ERR911977,ERR912199,2273,1403754,240912,910900,866,590,27146,101680,800,373,213766,809220,66,217,93084,2328855,5721,11522,292882,636,4,213,0,2,371,0
Alistipes_putredinis_61533,ERR911981,ERR912053,2295,1423908,244415,923913,891,544,31336,119221,847,410,213079,804692,44,134,92378,2315857,5841,13715,343159,789,3,130,1,2,407,1
Alistipes_putredinis_61533,ERR911982,ERR912004,2227,1403619,240812,910802,860,573,26770,101662,802,381,214042,809140,58,192,92811,2328945,5664,11790,292530,666,1,191,0,2,378,1
Alistipes_putredinis_61533,ERR911982,ERR912066,2130,1405510,241144,912041,802,557,26756,101108,745,379,214388,810933,57,178,93101,2334046,5652,11650,290990,684,2,176,0,2,375,2
Alistipes_putredinis_61533,ERR911982,ERR912087,1627,1398399,239930,907443,609,425,15280,57431,575,305,224650,850012,34,120,97698,2446344,5994,6590,165382,321,0,120,0,4,300,1
Alistipes_putredinis_61533,ERR911982,ERR912135,1613,1403676,240828,910900,646,387,16810,64432,622,276,224018,846468,24,111,96956,2436529,5919,7664,185218,414,0,111,0,3,271,2
Alistipes_putredinis_61533,ERR911982,ERR912199,1532,1404771,241089,911571,568,390,14472,54396,533,261,226617,857175,35,129,98307,2467218,6000,6354,156513,321,0,129,0,3,257,1
Alistipes_putredinis_61533,ERR911985,ERR912012,2940,1394440,239372,904890,1141,700,33515,126462,1114,561,205857,778428,27,139,89393,2240323,5568,14506,364127,753,3,134,2,6,553,2
Alistipes_putredinis_61533,ERR911985,ERR912110,2921,1395349,239545,905456,1151,697,34957,132428,1115,528,204588,773028,36,169,88787,2224714,5583,15162,381375,747,4,162,3,6,521,1
Alistipes_putredinis_61533,ERR911985,ERR912157,3673,1395858,239551,905817,1434,879,42950,164664,1396,724,196601,741153,38,155,84957,2133123,5379,19063,473948,981,3,149,3,6,717,1
Alistipes_putredinis_61533,ERR911985,ERR912172,3279,1394347,239391,904818,1298,798,39985,151246,1252,656,199406,753572,46,142,86611,2168711,5394,17322,435462,954,3,138,1,7,647,2
Alistipes_putredinis_61533,ERR911988,ERR911995,2665,1431041,245504,928522,1063,694,40894,154012,1022,557,204610,774510,41,137,89110,2228735,5685,17505,443514,1017,3,134,0,0,554,3
Alistipes_putredinis_61533,ERR911988,ERR911996,2462,1434443,246112,930754,951,626,30294,115578,932,520,215818,815176,19,106,93392,2346277,5859,13423,332453,858,1,105,0,3,516,1
Alistipes_putredinis_61533,ERR911988,ERR911999,2162,1438338,246773,933259,818,596,31403,119539,774,427,215370,813720,44,169,93457,2341712,5991,13707,344142,768,1,167,1,1,422,4
Alistipes_putredinis_61533,ERR911988,ERR912000,1997,1438977,246910,933663,732,599,24954,95010,695,450,221956,838653,37,149,96262,2413610,6087,10909,273458,663,2,146,1,0,446,4
Alistipes_putredinis_61533,ERR911988,ERR912007,2897,1421537,243830,922249,1114,766,38361,145290,1084,601,205469,776959,30,165,89164,2236052,5661,16693,418157,1020,3,161,1,1,596,4
Alistipes_putredinis_61533,ERR911988,ERR912009,3238,1429970,245477,927741,1291,807,49322,188242,1267,638,196155,739499,24,169,84711,2128374,5412,21849,541572,1305,1,167,1,3,630,5
Alistipes_putredinis_61533,ERR911988,ERR912013,2671,1438634,246825,933421,992,759,42647,161377,954,613,204178,772044,38,146,88800,2221677,5655,18371,464656,1104,1,144,1,2,606,5
Alistipes_putredinis_61533,ERR911988,ERR912026,2237,1437734,246742,932816,859,635,30123,113260,835,489,216619,819556,24,146,94037,2358670,5961,13055,325948,777,5,141,0,1,485,3
Alistipes_putredinis_61533,ERR911988,ERR912033,2136,1438279,246805,933201,814,585,28776,108828,781,429,218029,824373,33,156,94762,2372339,6018,12355,313409,720,1,154,1,1,423,5
Alistipes_putredinis_61533,ERR911988,ERR912041,1333,1422477,243967,922888,531,354,17394,65795,514,279,226573,857093,17,75,98233,2466845,6201,7714,189182,489,1,74,0,1,277,1
Alistipes_putredinis_61533,ERR911988,ERR912048,1833,1431947,245649,929021,670,542,25372,96527,642,393,220277,832494,28,149,95536,2395886,6060,11110,277820,651,2,146,1,0,389,4
Alistipes_putredinis_61533,ERR911988,ERR912062,1595,1440478,247191,934628,592,451,21153,81074,571,324,226038,853554,21,127,97743,2456715,6204,9572,233101,549,5,122,0,4,318,2
Alistipes_putredinis_61533,ERR911988,ERR912063,1178,1440546,247166,934681,442,318,16533,62428,422,238,230633,872253,20,80,100058,2510428,6273,7239,179586,459,1,78,1,0,237,1
Alistipes_putredinis_61533,ERR911988,ERR912064,827,1437928,246770,932914,335,192,11466,43384,330,145,235304,889530,5,47,101992,2560169,6429,5098,124742,312,0,47,0,1,143,1
Alistipes_putredinis_61533,ERR911988,ERR912071,816,1441153,247327,935059,287,243,7918,30061,266,169,239409,904998,21,74,103794,2604696,6504,3535,86411,237,1,73,0,2,166,1
Alistipes_putredinis_61533,ERR911988,ERR912072,2314,1439744,247044,934184,904,611,30960,117572,874,451,216084,816612,30,160,93715,2350148,5973,13516,338450,750,2,156,2,1,446,4
Alistipes_putredinis_61533,ERR911988,ERR912086,651,1441813,247438,935488,242,187,8542,32928,228,129,238896,902560,14,58,103486,2597654,6540,3891,94683,210,1,57,0,0,128,1
Alistipes_putredinis_61533,ERR911988,ERR912096,3101,1435452,246325,931389,1183,808,42026,160176,1145,636,204299,771213,38,172,88389,2219640,5610,18523,460886,1119,2,170,0,4,626,6
Alistipes_putredinis_61533,ERR911988,ERR912100,1960,1440348,247130,934552,738,557,28412,107938,700,390,218718,826614,38,167,94772,2379109,5961,12488,310540,786,1,165,1,0,385,5
Alistipes_putredinis_61533,ERR911988,ERR912103,2011,1439379,246980,933938,732,595,29343,112022,700,463,217637,821916,32,132,94303,2365490,5955,12932,322366,768,1,131,0,0,459,4
Alistipes_putredinis_61533,ERR911988,ERR912111,2782,1437001,246562,932364,1053,764,35717,135688,1025,637,210845,796676,28,127,91511,2292661,5856,15538,390632,894,2,125,0,1,631,5
Alistipes_putredinis_61533,ERR911988,ERR912124,2558,1437807,246740,932909,984,663,35584,135116,946,506,211156,797793,38,157,91527,2295987,5865,15536,388933,879,2,154,1,0,501,5
Alistipes_putredinis_61533,ERR911988,ERR912144,1130,1439451,247019,933947,409,330,13322,50693,378,240,233697,883254,31,90,101356,2541986,6420,5857,145901,321,4,86,0,2,237,1
Alistipes_putredinis_61533,ERR911988,ERR912152,1213,1437797,246766,932896,449,346,11375,43178,422,216,235391,889718,27,130,102083,2560582,6489,5028,124257,249,2,128,0,1,213,2
Alistipes_putredinis_61533,ERR911988,ERR912159,1001,1438397,246849,933286,368,312,11541,42815,355,217,235308,890471,13,95,102297,2562693,6423,4825,123308,312,1,94,0,0,215,2
Alistipes_putredinis_61533,ERR911988,ERR912175,1324,1438299,246829,933215,521,357,15831,60191,499,241,230998,873024,22,116,100171,2512613,6288,6953,173185,435,2,113,1,0,239,2
Alistipes_putredinis_61533,ERR911988,mickey3-11-30-0_,1025,1436085,246357,931719,401,298,11114,42324,384,242,235243,889395,17,56,102193,2559536,6456,4845,121860,267,0,56,0,0,240,2
Alistipes_putredinis_61533,ERR911990,ERR912170,2266,1399274,240152,907903,812,635,29579,111736,781,436,210573,796167,31,199,91454,2291443,5604,12857,321625,726,3,195,1,1,435,0
Alistipes_putredinis_61533,ERR911995,ERR911999,2010,1434179,246045,930583,777,538,29184,110156,753,435,216861,820427,24,103,94543,2360633,6105,12361,317468,639,3,100,0,0,433,2
Alistipes_putredinis_61533,ERR911995,ERR912000,1957,1435082,246229,931129,754,552,29016,109361,732,461,217213,821768,22,91,94686,2364558,6060,12220,315182,681,3,88,0,0,459,2
Alistipes_putredinis_61533,ERR911995,ERR912007,2453,1422412,243999,922846,1004,591,31942,119593,974,470,212057,803253,30,121,92385,2311461,5913,13575,344430,774,3,118,0,2,466,2
Alistipes_putredinis_61533,ERR911995,ERR912009,3184,1426122,244777,925278,1296,775,47156,178131,1259,678,197621,747147,37,97,85916,2150059,5466,20417,512731,1245,2,95,0,3,672,3
Alistipes_putredinis_61533,ERR911995,ERR912013,2496,1435310,246254,931300,956,683,33889,128066,916,525,212365,803234,40,158,92439,2311296,5967,14537,368884,777,3,154,1,1,522,2
Alistipes_putredinis_61533,ERR911995,ERR912033,1970,1434132,246065,930500,781,528,25323,94801,762,438,220742,835699,19,90,96262,2404670,6165,10594,273239,570,2,88,0,1,434,3
Alistipes_putredinis_61533,ERR911995,ERR912041,3206,1417423,243073,919647,1298,818,51536,194109,1268,698,191537,725538,30,120,83534,2087758,5322,22120,558860,1347,4,116,0,1,695,2
Alistipes_putredinis_61533,ERR911995,ERR912048,1668,1432318,245719,929289,653,457,22408,84325,625,373,223311,844964,28,84,97287,2431416,6189,9434,243019,522,3,81,0,0,371,2
Alistipes_putredinis_61533,ERR911995,ERR912063,3108,1432920,245803,929764,1250,785,53358,201332,1221,650,192445,728432,29,135,83905,2096057,5334,22873,579749,1374,1,134,0,1,646,3
Alistipes_putredinis_61533,ERR911995,ERR912064,2881,1429751,245300,927622,1166,726,49413,185895,1139,609,195887,741727,27,117,85573,2134139,5469,20986,535442,1257,3,114,0,1,606,2
Alistipes_putredinis_61533,ERR911995,ERR912071,2897,1433172,245925,929899,1136,777,48270,181261,1113,626,197655,748638,23,151,86282,2154169,5463,20513,522022,1248,3,148,0,3,621,2
Alistipes_putredinis_61533,ERR911995,ERR912072,2197,1435901,246368,931690,888,547,31588,118925,861,437,214780,812765,27,110,93527,2338753,6015,13453,342620,702,3,106,1,1,434,2
Alistipes_putredinis_61533,ERR911995,ERR912086,2720,1433596,245985,930182,1080,715,45340,170554,1051,586,200645,759628,29,129,87554,2185780,5550,19272,491220,1170,4,125,0,0,584,2
Alistipes_putredinis_61533,ERR911995,ERR912096,2911,1430953,245521,928485,1151,710,36564,138724,1106,575,208957,789761,45,135,91016,2272411,5856,15622,399686,864,4,130,1,3,570,2
Alistipes_putredinis_61533,ERR911995,ERR912100,1793,1436950,246531,932351,713,467,28306,106244,698,374,218225,826107,15,93,95140,2377145,6036,11908,306116,708,2,91,0,0,371,3
Alistipes_putredinis_61533,ERR911995,ERR912103,1758,1436851,246525,932297,713,441,25902,98076,684,357,220623,834221,29,84,96010,2400530,6123,11052,282579,597,2,82,0,0,354,3
Alistipes_putredinis_61533,ERR911995,ERR912111,2494,1434271,246080,930587,1014,619,37008,140349,990,522,209072,790238,24,97,91017,2273865,5832,15850,404282,915,2,95,0,2,518,2
Alistipes_putredinis_61533,ERR911995,ERR912124,2265,1434973,246234,931080,902,564,32635,123559,867,462,213599,807521,35,102,92925,2323635,6003,13968,355971,738,2,99,1,1,459,2
Alistipes_putredinis_61533,ERR911995,ERR912144,3040,1430887,245509,928403,1204,785,49829,187563,1169,634,195680,740840,35,151,85444,2131565,5511,21192,540300,1197,4,147,0,3,629,2
Alistipes_putredinis_61533,ERR911995,ERR912152,3040,1430103,245416,927919,1198,814,43568,164353,1163,634,201848,763566,35,180,87888,2197170,5640,18705,473289,1065,4,176,0,0,631,3
Alistipes_putredinis_61533,ERR911995,ERR912159,2963,1429777,245325,927694,1170,836,47982,179925,1142,662,197343,747769,28,174,86210,2151628,5469,20345,518194,1236,3,171,0,1,658,3
Alistipes_putredinis_61533,ERR911995,mickey3-11-30-0_,2898,1428943,245098,927103,1173,754,44768,169664,1145,630,200330,757439,28,124,87306,2179389,5622,19248,488667,1077,2,122,0,1,626,3
Alistipes_putredinis_61533,ERR911996,ERR912026,3606,1433070,245907,929856,1442,865,42354,160462,1427,711,203553,769394,15,154,88293,2214306,5583,18473,461779,1134,4,150,0,2,707,2
Alistipes_putredinis_61533,ERR911996,ERR912041,3088,1416598,242927,919109,1226,735,41105,156899,1217,631,201822,762210,9,104,87322,2193794,5514,18193,451340,1164,2,102,0,4,627,0
Alistipes_putredinis_61533,ERR911996,ERR912062,3372,1436151,246415,931872,1335,807,40889,157498,1299,635,205526,774374,36,172,88451,2229034,5637,18552,452841,1101,4,168,0,7,627,1
Alistipes_putredinis_61533,ERR911996,ERR912063,2721,1435782,246318,931653,1091,640,34528,131767,1069,529,211790,799886,22,111,91632,2302326,5700,15314,378970,1017,2,108,1,2,527,0
Alistipes_putredinis_61533,ERR911996,ERR912064,2782,1432524,245795,929452,1100,672,33884,129304,1089,568,211911,800148,11,104,91719,2302947,5778,14993,371971,948,1,103,0,4,564,0
Alistipes_putredinis_61533,ERR911996,ERR912071,2514,1436035,246421,931792,979,611,27344,104585,967,495,219077,827207,12,116,94806,2380881,5934,12152,300811,792,1,115,0,4,491,0
Alistipes_putredinis_61533,ERR911996,ERR912086,2367,1436782,246537,932281,941,556,27581,105653,929,492,218956,826628,12,64,94801,2379095,5988,12212,303997,750,0,64,0,3,489,0
Alistipes_putredinis_61533,ERR911996,ERR912103,3576,1436123,246388,931886,1362,922,49215,188237,1345,763,197173,743649,17,159,85273,2140298,5376,21747,541626,1338,2,156,1,3,757,3
Alistipes_putredinis_61533,ERR911996,ERR912144,2977,1433726,246011,930275,1136,778,34982,133092,1107,660,211029,797183,29,118,91438,2294345,5766,15353,382975,948,4,114,0,6,654,0
Alistipes_putredinis_61533,ERR911996,ERR912152,2769,1432737,245875,929654,1095,670,27343,104610,1073,540,218532,825044,22,130,94549,2374604,5979,12202,300887,741,0,130,0,5,534,1
Alistipes_putredinis_61533,ERR911996,ERR912159,2568,1433388,245950,930075,1006,637,32690,123572,994,526,213260,806503,12,111,92616,2321121,5772,14157,355608,951,0,111,0,3,522,1
Alistipes_putredinis_61533,ERR911996,ERR912175,3011,1433449,245969,930121,1234,690,35761,136375,1218,569,210208,793746,16,121,91145,2284357,5736,15629,392521,975,0,120,1,2,566,1
Alistipes_putredinis_61533,ERR911996,mickey3-11-30-0_,2901,1431173,245488,928584,1149,725,31534,121103,1127,626,213954,807481,22,99,92691,2323911,5841,13996,348443,870,1,98,0,3,622,1
Alistipes_putredinis_61533,ERR911998,ERR912052,2102,1398205,240051,907272,849,550,27521,103331,822,447,212530,803941,27,103,92557,2313563,5703,11637,297714,642,2,101,0,1,445,1
Alistipes_putredinis_61533,ERR911998,ERR912114,2900,1396490,239778,906108,1176,698,38969,148407,1157,565,200809,757701,19,133,87237,2180580,5286,16810,427373,1038,1,132,0,4,560,1
Alistipes_putredinis_61533,ERR911998,ERR912187,2131,1395466,239606,905502,868,592,25115,94162,833,417,214491,811340,35,175,93447,2334828,5745,10577,271303,606,1,172,2,0,417,0
Alistipes_putredinis_61533,ERR911998,ERR912194,2914,1394501,239407,904853,1194,692,38406,145623,1173,565,201001,759230,21,127,87373,2185046,5271,16532,419311,1026,1,126,0,3,561,1
Alistipes_putredinis_61533,ERR911999,ERR912000,1017,1445563,248088,937932,374,297,10052,38015,365,216,238036,899917,9,81,103441,2589722,6588,4246,109577,222,2,79,0,0,216,0
Alistipes_putredinis_61533,ERR911999,ERR912007,1866,1425437,244505,924796,738,457,19187,71552,725,356,225318,853244,13,101,98001,2455446,6285,8193,206013,450,3,98,0,1,355,0
Alistipes_putredinis_61533,ERR911999,ERR912009,2409,1435007,246349,931015,982,577,31136,118660,950,478,215213,812355,32,99,93128,2337937,6000,13846,341360,774,1,98,0,3,474,1
Alistipes_putredinis_61533,ERR911999,ERR912013,1327,1443114,247593,936363,474,414,14398,53931,441,281,233195,882432,33,133,101444,2539345,6507,6114,155367,312,2,130,1,1,280,0
Alistipes_putredinis_61533,ERR911999,ERR912033,1355,1442010,247455,935610,506,370,14010,52683,494,255,233445,882927,12,115,101426,2540866,6489,6018,151731,300,0,114,1,2,253,0
Alistipes_putredinis_61533,ERR911999,ERR912041,2776,1420798,243645,921811,1086,732,39198,149241,1049,557,204447,772570,37,175,88599,2223444,5667,17287,429389,1047,2,172,1,2,552,3
Alistipes_putredinis_61533,ERR911999,ERR912048,1005,1436692,246473,932114,362,281,11393,43265,353,204,235080,888849,9,77,102084,2557920,6543,4956,124620,219,2,75,0,0,204,0
Alistipes_putredinis_61533,ERR911999,ERR912063,2636,1439960,247039,934330,1019,690,36257,138428,969,502,210782,795902,50,188,91429,2290478,5799,15888,398442,954,1,185,2,0,499,3
Alistipes_putredinis_61533,ERR911999,ERR912064,2430,1436687,246512,932123,949,606,33783,128612,907,452,212729,803511,42,154,92293,2312318,5922,14782,370205,849,1,152,1,2,447,3
Alistipes_putredinis_61533,ERR911999,ERR912071,2375,1440451,247190,934625,877,674,32516,123689,838,494,214674,810936,39,180,93071,2333809,5928,14272,355961,834,2,177,1,3,488,3
Alistipes_putredinis_61533,ERR911999,ERR912072,1563,1442478,247528,935956,596,408,16737,63245,575,269,230791,872711,21,139,100203,2511480,6450,7297,182123,315,2,136,1,1,268,0
Alistipes_putredinis_61533,ERR911999,ERR912085,3248,1434124,246144,930515,1289,788,42336,162554,1250,622,203808,767961,39,166,87841,2210339,5703,18973,467648,1041,1,164,1,4,615,3
Alistipes_putredinis_61533,ERR911999,ERR912086,2180,1441043,247280,935014,822,601,32381,123384,791,441,214899,811630,31,160,93232,2335691,5967,14159,355189,804,2,157,1,1,437,3
Alistipes_putredinis_61533,ERR911999,ERR912096,2175,1439368,247009,933932,842,519,21469,80528,823,372,225540,853404,19,147,98057,2455846,6309,9188,231922,474,2,144,1,4,368,0
Alistipes_putredinis_61533,ERR911999,ERR912100,1110,1445035,247949,937604,419,279,12405,46832,406,182,235544,890772,13,97,102255,2563554,6507,5400,134805,291,1,96,0,0,181,1
Alistipes_putredinis_61533,ERR911999,ERR912103,1230,1442714,247545,936121,430,364,13469,51785,413,272,234076,884336,17,92,101490,2545053,6465,6056,148990,309,1,91,0,0,271,1
Alistipes_putredinis_61533,ERR911999,ERR912111,1819,1440646,247205,934741,707,477,20785,79141,700,406,226420,855600,7,71,98342,2462131,6327,9018,227925,480,2,69,0,1,403,2
Alistipes_putredinis_61533,ERR911999,ERR912124,1601,1443017,247669,936300,630,364,16874,63698,611,258,230795,872602,19,106,100184,2511190,6432,7301,183421,372,2,103,1,0,258,0
Alistipes_putredinis_61533,ERR911999,ERR912144,2726,1437967,246720,933005,1029,722,43234,163842,993,562,203486,769163,36,160,88574,2213200,5715,18587,471892,1047,3,156,1,3,556,3
Alistipes_putredinis_61533,ERR911999,ERR912152,2698,1437305,246675,932592,1022,734,42540,161512,994,543,204135,771080,28,191,88732,2218778,5730,18407,465094,1035,2,187,2,1,539,3
Alistipes_putredinis_61533,ERR911999,ERR912159,2520,1436848,246556,932282,952,718,35761,134751,915,530,210795,797531,37,188,91811,2294935,5847,15265,388079,909,2,185,1,1,525,4
Alistipes_putredinis_61533,ERR911999,ERR912175,2788,1437858,246743,932951,1076,740,40896,155883,1033,578,205847,777068,43,162,89381,2236084,5739,17771,448870,1008,3,158,1,1,574,3
Alistipes_putredinis_61533,ERR911999,mickey3-11-30-0_,2314,1436420,246395,931956,900,630,31897,121666,869,490,214498,810290,31,140,93251,2331652,5967,13875,350334,789,1,138,1,1,485,4
Alistipes_putredinis_61533,ERR912000,ERR912007,1714,1426366,244691,925361,665,459,18808,70697,655,376,225883,854664,10,83,98169,2459592,6231,8031,203559,501,3,80,0,1,375,0
Alistipes_putredinis_61533,ERR912000,ERR912009,2396,1435591,246487,931395,954,630,29440,112142,932,537,217047,819253,22,93,93994,2357753,6012,12985,322682,759,1,92,0,3,533,1
Alistipes_putredinis_61533,ERR912000,ERR912013,1656,1443355,247668,936497,581,537,17102,64025,558,411,230566,872472,23,126,100217,2510797,6402,7312,184355,408,1,124,1,2,409,0
Alistipes_putredinis_61533,ERR912000,ERR912033,1239,1443229,247698,936379,429,374,11312,41977,418,268,236386,894402,11,106,102832,2573825,6549,4647,121041,243,1,104,1,1,267,0
Alistipes_putredinis_61533,ERR912000,ERR912041,2646,1421481,243785,922248,1015,747,34900,132609,985,599,208885,789639,30,148,90551,2272618,5748,15356,381514,957,3,144,1,1,595,3
Alistipes_putredinis_61533,ERR912000,ERR912048,798,1437841,246707,932817,264,241,6651,24942,256,167,240056,907875,8,74,104268,2612730,6627,2790,71895,141,2,72,0,0,167,0
Alistipes_putredinis_61533,ERR912000,ERR912062,2996,1441302,247339,935178,1123,855,41029,157201,1095,682,206310,777977,28,173,89185,2239067,5679,18206,452299,1098,8,164,1,3,674,5
Alistipes_putredinis_61533,ERR912000,ERR912063,2550,1440895,247249,934925,964,718,34081,129109,928,571,213168,805816,36,147,92630,2318968,5850,14696,371737,894,1,144,2,0,568,3
Alistipes_putredinis_61533,ERR912000,ERR912064,2286,1437213,246631,932464,869,621,30397,115832,847,492,216234,816632,22,129,93801,2350122,5973,13270,333437,789,2,126,1,1,488,3
Alistipes_putredinis_61533,ERR912000,ERR912071,2248,1440998,247313,934974,807,690,27578,104777,781,526,219735,830197,26,164,95252,2389321,6018,12094,301502,735,3,160,1,2,521,3
Alistipes_putredinis_61533,ERR912000,ERR912072,1444,1443556,247731,936629,533,416,14085,53078,522,310,233646,883551,11,106,101390,2542774,6489,6133,152828,273,1,104,1,2,308,0
Alistipes_putredinis_61533,ERR912000,ERR912085,3043,1435006,246323,931049,1203,769,39079,150133,1168,622,207244,780916,35,147,89395,2247605,5748,17414,431986,999,2,144,1,5,614,3
Alistipes_putredinis_61533,ERR912000,ERR912086,2035,1441540,247405,935319,739,617,27072,103056,717,470,220333,832263,22,147,95572,2395166,6051,11804,296653,711,3,143,1,0,467,3
Alistipes_putredinis_61533,ERR912000,ERR912096,1953,1440786,247268,934836,742,504,17569,65913,729,390,229699,868923,13,114,99790,2500625,6354,7521,189792,426,2,111,1,4,386,0
Alistipes_putredinis_61533,ERR912000,ERR912100,1008,1445674,248094,937977,352,301,9168,34604,340,214,238926,903373,12,87,103684,2599889,6546,3953,99610,249,1,86,0,0,213,1
Alistipes_putredinis_61533,ERR912000,ERR912103,1133,1443472,247704,936563,367,383,9569,36523,354,295,238135,900040,13,88,103340,2590261,6519,4193,105118,258,1,87,0,0,294,1
Alistipes_putredinis_61533,ERR912000,ERR912111,1621,1441762,247424,935449,608,466,15739,60020,603,402,231685,875429,5,64,100668,2519238,6381,6723,172914,423,2,62,0,1,399,2
Alistipes_putredinis_61533,ERR912000,ERR912124,1338,1444436,247910,937180,527,317,12453,46953,506,228,235457,890227,21,89,102153,2562009,6519,5374,135203,282,2,86,1,0,228,0
Alistipes_putredinis_61533,ERR912000,ERR912144,2616,1438446,246830,933295,971,743,35068,132855,943,589,211762,800440,28,154,92045,2303395,5880,15114,382572,879,4,149,1,2,584,3
Alistipes_putredinis_61533,ERR912000,ERR912152,2518,1437896,246799,932966,934,735,31952,121292,903,557,214847,811674,31,178,93306,2335758,5958,13833,349248,795,3,173,2,0,554,3
Alistipes_putredinis_61533,ERR912000,ERR912159,2444,1437214,246643,932514,906,743,32786,122912,882,562,213857,809602,24,181,93208,2329718,5880,13857,354012,867,3,177,1,0,558,4
Alistipes_putredinis_61533,ERR912000,ERR912175,2643,1438290,246841,933224,997,751,36262,138094,965,586,210579,795130,32,165,91407,2288169,5814,15741,397620,921,4,160,1,0,583,3
Alistipes_putredinis_61533,ERR912000,mickey3-11-30-0_,2239,1436971,246520,932284,855,659,29471,112387,834,529,217049,819897,21,130,94354,2359313,6024,12765,323667,729,2,127,1,0,525,4
Alistipes_putredinis_61533,ERR912002,ERR912166,3697,1406620,241137,912572,1496,877,43090,161057,1473,716,198047,751515,23,161,86421,2162619,5505,18452,463660,1059,0,160,1,5,707,4
Alistipes_putredinis_61533,ERR912004,ERR912034,1902,1405880,241189,912194,731,525,25965,98041,660,319,215224,814153,71,206,93368,2343418,5673,11364,282051,708,3,202,1,0,318,1
Alistipes_putredinis_61533,ERR912004,ERR912066,256,1407561,241480,913320,90,97,1963,7474,76,41,239517,905846,14,56,104002,2607197,6339,868,21488,66,0,56,0,1,39,1
Alistipes_putredinis_61533,ERR912004,ERR912087,2281,1395746,239431,905663,872,604,25965,97923,804,395,213466,807740,68,209,93046,2324477,5697,11040,282084,645,2,207,0,3,392,0
Alistipes_putredinis_61533,ERR912004,ERR912135,2229,1400855,240303,909009,858,572,24609,93225,782,358,215694,815784,76,214,93806,2347804,5742,10601,268468,606,2,212,0,2,355,1
Alistipes_putredinis_61533,ERR912004,ERR912170,1712,1404727,240993,911456,625,535,17864,67602,548,277,223129,843854,77,258,96899,2428747,5916,7735,194621,450,2,256,0,0,277,0
Alistipes_putredinis_61533,ERR912004,ERR912199,2183,1402045,240572,909761,820,582,23303,87579,751,360,217269,822182,69,222,94486,2366282,5778,9976,252191,570,2,220,0,2,358,0
Alistipes_putredinis_61533,ERR912007,ERR912009,3049,1418069,243344,919950,1245,769,37681,143186,1219,666,205663,776764,26,103,88964,2235595,5733,16725,411864,969,1,102,0,5,660,1
Alistipes_putredinis_61533,ERR912007,ERR912013,2451,1427329,244841,926026,940,650,31101,117666,919,524,213740,808360,21,126,92594,2326522,5964,13722,338505,771,1,124,1,4,520,0
Alistipes_putredinis_61533,ERR912007,ERR912033,2168,1424779,244416,924316,839,551,24104,89384,829,440,220312,834932,10,111,95922,2402709,6165,10186,257414,552,1,110,0,3,436,1
Alistipes_putredinis_61533,ERR912007,ERR912041,3508,1418415,243255,920270,1382,913,45322,171550,1353,750,197933,748720,29,163,85842,2154921,5397,19853,493513,1284,3,159,1,3,744,3
Alistipes_putredinis_61533,ERR912007,ERR912048,1803,1427131,244812,925860,689,466,18780,69836,679,373,226032,856024,10,93,98241,2463546,6285,8025,201060,423,3,90,0,1,372,0
Alistipes_putredinis_61533,ERR912007,ERR912064,3144,1419868,243570,921112,1238,796,40191,152438,1216,665,203379,768674,22,131,88160,2212261,5601,17601,438615,1098,2,129,0,3,658,4
Alistipes_putredinis_61533,ERR912007,ERR912071,3093,1423546,244229,923556,1168,852,38334,144933,1143,671,205895,778623,25,181,89291,2240938,5640,16736,417013,1050,4,176,1,3,665,3
Alistipes_putredinis_61533,ERR912007,ERR912072,2207,1426899,244780,925729,871,560,23750,88384,847,440,221030,837345,24,120,96076,2409794,6165,10189,254423,540,3,116,1,2,438,0
Alistipes_putredinis_61533,ERR912007,ERR912086,2946,1424108,244314,923922,1127,789,37953,144003,1100,618,206361,779919,27,171,89472,2244630,5655,16597,414368,1044,4,166,1,1,614,3
Alistipes_putredinis_61533,ERR912007,ERR912096,2567,1423243,244144,923359,1009,631,30599,114959,1001,506,213545,808400,8,125,92717,2326525,5958,13286,330829,762,4,120,1,4,502,0
Alistipes_putredinis_61533,ERR912007,ERR912100,1879,1427905,244938,926373,724,468,19565,72939,714,361,225373,853434,10,107,97884,2456181,6237,8448,209880,489,2,105,0,1,359,1
Alistipes_putredinis_61533,ERR912007,ERR912103,1866,1427421,244861,926075,713,458,21171,80054,694,373,223690,846021,19,85,97063,2434838,6162,9252,230370,540,1,84,0,2,370,1
Alistipes_putredinis_61533,ERR912007,ERR912111,2454,1425112,244486,924543,970,598,29465,111822,963,524,215021,812721,7,74,93321,2338863,5979,12801,321915,750,2,72,0,3,519,2
Alistipes_putredinis_61533,ERR912007,ERR912124,1944,1428347,245049,926662,770,454,23546,88515,762,357,221503,838147,8,97,96072,2412180,6189,10271,254722,552,3,93,1,1,356,0
Alistipes_putredinis_61533,ERR912007,ERR912152,3381,1420517,243728,921592,1306,903,43146,163324,1280,709,200582,758268,26,194,87183,2182032,5589,18649,470228,1095,4,188,2,1,705,3
Alistipes_putredinis_61533,ERR912007,ERR912159,3245,1419869,243583,921166,1246,904,42887,160678,1215,704,200696,760488,31,200,87518,2188414,5532,18238,462644,1152,4,195,1,1,699,4
Alistipes_putredinis_61533,ERR912007,ERR912175,3469,1420888,243769,921835,1353,894,46250,175374,1317,737,197519,746461,36,157,85698,2148252,5433,20139,504744,1239,4,153,0,2,731,4
Alistipes_putredinis_61533,ERR912007,mickey3-11-30-0_,3108,1420061,243526,921233,1225,820,38968,147846,1200,669,204558,773387,25,151,88890,2225598,5673,16952,425575,1011,3,147,1,1,664,4
Alistipes_putredinis_61533,ERR912009,ERR912013,2866,1434993,246329,931006,1106,781,40392,152993,1059,632,205937,778013,47,149,89257,2239013,5769,17723,440251,1005,1,147,1,4,627,1
Alistipes_putredinis_61533,ERR912009,ERR912033,2525,1435858,246517,931563,977,673,31314,118856,938,531,215203,812707,39,142,93294,2338863,5964,13732,342044,792,1,140,1,1,529,1
Alistipes_putredinis_61533,ERR912009,ERR912048,2383,1428342,245161,926609,941,614,29530,112050,912,512,215631,814559,29,102,93393,2344293,5991,13057,322361,732,1,101,0,3,508,1
Alistipes_putredinis_61533,ERR912009,ERR912064,3325,1428418,245229,926677,1337,793,49867,190195,1317,678,195362,736482,20,115,84392,2119720,5334,22086,547101,1398,1,114,0,4,669,5
Alistipes_putredinis_61533,ERR912009,ERR912072,2657,1434768,246324,930882,1040,716,33350,126973,1002,569,212974,803909,38,147,92159,2313652,5916,14800,365303,816,1,145,1,2,566,1
Alistipes_putredinis_61533,ERR912009,ERR912086,3139,1432927,246030,929661,1244,772,44846,170922,1216,603,201184,758739,28,169,86815,2183873,5529,19972,491579,1215,2,167,0,3,595,5
Alistipes_putredinis_61533,ERR912009,ERR912096,3344,1432789,245985,929601,1329,801,43415,165086,1314,679,202570,764515,15,122,87553,2200364,5628,19255,474881,1122,0,121,1,8,670,1
Alistipes_putredinis_61533,ERR912009,ERR912100,2504,1436603,246620,932052,1000,630,30516,116373,962,492,216104,815679,38,138,93415,2347661,5961,13645,334676,798,0,138,0,3,487,2
Alistipes_putredinis_61533,ERR912009,ERR912103,2600,1434370,246216,930622,1008,696,31409,120110,970,566,214807,810512,38,130,92867,2332771,5898,14089,345398,843,0,130,0,3,561,2
Alistipes_putredinis_61533,ERR912009,ERR912111,2714,1432995,245997,929700,1091,685,36676,139681,1063,599,209321,790019,28,86,90731,2273533,5793,16091,401983,969,1,85,0,2,594,3
Alistipes_putredinis_61533,ERR912009,ERR912124,2815,1435359,246439,931260,1141,665,36575,138856,1110,566,209864,792404,31,99,90789,2280594,5829,16168,399464,936,0,98,1,4,561,1
Alistipes_putredinis_61533,ERR912012,ERR912018,2604,1382620,237178,897102,949,701,32509,123576,932,516,204669,773526,17,185,88891,2226146,5541,14141,355783,804,2,183,0,6,507,3
Alistipes_putredinis_61533,ERR912012,ERR912054,2277,1397908,239894,907135,886,596,23419,87666,868,451,216475,819469,18,145,94181,2358388,5838,9999,252495,504,1,144,0,4,445,2
Alistipes_putredinis_61533,ERR912012,ERR912057,3045,1393796,239239,904367,1200,786,33272,124663,1170,660,205967,779704,30,126,89733,2243856,5523,14102,359062,825,1,125,0,4,654,2
Alistipes_putredinis_61533,ERR912012,ERR912090,2425,1398371,239989,907371,943,611,28825,108708,924,500,211164,798663,19,111,91720,2298638,5631,12464,312949,711,1,109,1,5,494,1
Alistipes_putredinis_61533,ERR912012,ERR912110,1792,1397758,239857,907024,691,447,18452,68828,663,335,221405,838196,28,112,96368,2412250,5970,7779,198336,369,3,109,0,4,329,2
Alistipes_putredinis_61533,ERR912012,ERR912157,2615,1397082,239700,906627,1008,633,24328,91630,991,512,215372,814997,17,121,93681,2345514,5796,10432,263897,561,0,121,0,6,504,2
Alistipes_putredinis_61533,ERR912012,ERR912172,1977,1397021,239801,906572,746,566,21865,80883,724,455,217936,825689,22,111,95092,2376131,5844,9070,233069,510,1,110,0,6,446,3
Alistipes_putredinis_61533,ERR912012,ERR912181,3310,1392284,238912,903445,1308,803,39875,149898,1273,644,199037,753547,35,159,86635,2168696,5310,17171,431560,963,1,158,0,3,638,3
Alistipes_putredinis_61533,ERR912012,ERR912193,3085,1391212,238803,902751,1203,743,32752,123443,1183,589,206051,779308,20,154,89727,2242638,5559,13949,355621,759,2,152,0,4,583,2
Alistipes_putredinis_61533,ERR912013,ERR912033,1922,1441685,247378,935395,684,591,23543,88184,657,416,223835,847211,27,175,97376,2437996,6261,10060,253964,528,0,173,2,3,413,0
Alistipes_putredinis_61533,ERR912013,ERR912048,1626,1437278,246561,932494,555,527,17609,66316,521,357,228952,866178,34,170,99427,2492714,6393,7654,190925,369,1,168,1,2,355,0
Alistipes_putredinis_61533,ERR912013,ERR912064,2874,1436847,246539,932203,1098,763,47061,177549,1083,642,199478,754654,15,121,87071,2171350,5541,20001,511416,1230,1,119,1,1,637,4
Alistipes_putredinis_61533,ERR912013,ERR912071,2902,1440518,247201,934644,1055,854,43701,165117,1033,694,203500,769527,22,160,88478,2214475,5628,18855,475362,1134,2,157,1,4,686,4
Alistipes_putredinis_61533,ERR912013,ERR912072,2154,1443231,247635,936436,804,615,25673,97103,777,446,221962,839333,27,169,96269,2415490,6240,11281,279503,525,1,166,2,3,443,0
Alistipes_putredinis_61533,ERR912013,ERR912086,2734,1441103,247291,935026,1009,785,43992,166989,984,636,203299,768037,25,149,88254,2210214,5643,19123,480716,1128,2,146,1,2,630,4
Alistipes_putredinis_61533,ERR912013,ERR912096,2780,1439031,246914,933705,1051,740,30559,115153,1026,584,216355,818552,25,156,93874,2355743,6039,13357,331358,744,3,151,2,4,580,0
Alistipes_putredinis_61533,ERR912013,ERR912100,1776,1444765,247876,937432,632,541,20605,77793,587,348,227271,859639,45,193,98617,2474000,6300,9032,223849,498,0,192,1,2,345,1
Alistipes_putredinis_61533,ERR912013,ERR912103,1806,1443921,247741,936887,635,560,21926,83277,602,404,225815,853610,33,156,97935,2456649,6246,9691,239612,528,1,154,1,1,402,1
Alistipes_putredinis_61533,ERR912013,ERR912111,2369,1441453,247344,935253,894,664,29593,112272,883,558,217751,822981,11,106,94549,2368268,6126,12865,323270,681,2,103,1,2,554,2
Alistipes_putredinis_61533,ERR912013,ERR912124,2169,1443426,247718,936570,812,582,25615,97122,785,448,222103,839448,27,134,96256,2415884,6204,11266,279500,600,2,130,2,1,447,0
Alistipes_putredinis_61533,ERR912013,ERR912152,3194,1437438,246699,932657,1182,918,47487,179373,1148,733,199212,753284,34,185,86697,2167566,5589,20438,516508,1173,2,181,2,2,727,4
Alistipes_putredinis_61533,ERR912013,mickey3-11-30-0_,2804,1437190,246540,932418,1080,788,38662,147149,1041,643,207878,785269,39,145,90387,2259597,5823,16770,423744,933,1,143,1,2,636,5
Alistipes_putredinis_61533,ERR912018,ERR912110,2866,1382291,237170,896848,1085,735,34910,132301,1047,557,202260,764547,38,178,87817,2200310,5514,15140,380947,816,4,173,1,3,552,2
Alistipes_putredinis_61533,ERR912018,ERR912157,3495,1382307,237095,896930,1346,848,39014,148320,1315,681,198081,748610,31,167,85985,2154478,5367,17033,426934,993,2,165,0,4,674,3
Alistipes_putredinis_61533,ERR912018,ERR912172,2879,1382455,237178,897008,1068,786,35305,132847,1023,609,201873,764161,45,177,87899,2199115,5469,15149,382495,897,3,174,0,4,603,2
Alistipes_putredinis_61533,ERR912026,ERR912041,2975,1420488,243634,921562,1169,816,38345,143697,1151,675,205289,777865,18,141,89331,2238594,5670,16510,413558,1023,5,136,0,3,670,2
Alistipes_putredinis_61533,ERR912026,ERR912062,2925,1438781,246932,933515,1109,794,36958,139292,1077,587,209974,794223,32,207,91230,2285589,5850,16005,400965,906,9,198,0,4,580,3
Alistipes_putredinis_61533,ERR912026,ERR912063,2729,1438296,246821,933192,1044,735,38534,145346,1025,586,208287,787846,19,149,90540,2267274,5724,16633,418397,1008,6,142,1,1,583,2
Alistipes_putredinis_61533,ERR912026,ERR912064,2406,1435717,246401,931461,940,645,30850,116289,924,499,215551,815172,16,146,93629,2345944,5943,13343,334717,807,6,140,0,1,496,2
Alistipes_putredinis_61533,ERR912026,ERR912071,2259,1439106,247022,933699,871,620,27338,102519,857,488,219684,831180,14,132,95450,2392045,6045,11765,295096,696,5,127,0,2,484,2
Alistipes_putredinis_61533,ERR912026,ERR912086,2103,1439838,247138,934175,825,576,26290,98836,806,444,220848,835339,19,132,95930,2403964,6123,11341,284540,627,5,127,0,0,442,2
Alistipes_putredinis_61533,ERR912026,ERR912144,2874,1436356,246533,931898,1124,754,35476,133686,1085,584,211057,798212,39,170,91689,2297106,5841,15325,384830,903,9,161,0,3,579,2
Alistipes_putredinis_61533,ERR912026,ERR912152,2484,1435761,246457,931542,968,670,29040,108770,945,504,217417,822772,23,166,94560,2367699,6057,12440,313192,678,6,160,0,1,500,3
Alistipes_putredinis_61533,ERR912026,ERR912159,2438,1436247,246521,931857,941,685,36582,136835,924,533,209939,795022,17,152,91616,2287714,5736,15386,394120,999,5,147,0,0,530,3
Alistipes_putredinis_61533,ERR912026,ERR912175,2726,1436668,246565,932136,1112,689,35526,133021,1090,530,211039,799115,22,159,92032,2299466,5847,15005,383176,882,3,155,1,1,526,3
Alistipes_putredinis_61533,ERR912026,mickey3-11-30-0_,2522,1433733,246000,930145,969,702,37723,142820,948,542,208277,787325,21,160,90491,2265748,5736,16413,411051,996,6,154,0,0,541,1
Alistipes_putredinis_61533,ERR912030,ERR912061,2689,1428355,245071,926789,1074,637,38941,148852,1049,485,206130,777937,25,152,89433,2238735,5643,17003,428539,1014,2,149,1,2,479,4
Alistipes_putredinis_61533,ERR912030,ERR912162,1811,1428854,245137,927103,707,439,24058,92561,680,330,221079,834542,27,109,95822,2401711,6093,10633,266429,621,2,106,1,1,327,2
Alistipes_putredinis_61533,ERR912031,ERR912046,2846,1410867,241973,915327,1141,705,39895,152872,1087,513,202078,762455,54,192,87443,2194324,5598,17641,439907,1068,0,191,1,4,506,3
Alistipes_putredinis_61533,ERR912031,donald4-11-0-0_,1606,1412415,242138,916427,590,412,17795,67150,569,289,224343,849277,21,123,97636,2443964,6231,7739,193270,441,2,121,0,0,287,2
Alistipes_putredinis_61533,ERR912033,ERR912041,2713,1420660,243666,921697,1099,671,38634,146144,1073,521,205032,775553,26,150,89070,2231955,5634,16772,420598,1062,1,148,1,3,514,4
Alistipes_putredinis_61533,ERR912033,ERR912048,974,1436541,246480,931954,352,277,9687,35880,339,193,236793,896074,13,84,102963,2578686,6573,4012,103448,180,0,83,1,2,191,0
Alistipes_putredinis_61533,ERR912033,ERR912062,3045,1439841,247076,934214,1149,855,44660,170376,1123,677,202416,763838,26,178,87674,2198221,5619,19631,490348,1149,6,171,1,3,668,6
Alistipes_putredinis_61533,ERR912033,ERR912063,2456,1439883,247094,934247,955,658,33128,125566,924,496,213966,808681,31,162,92753,2327431,5859,14511,361305,882,0,160,2,1,491,4
Alistipes_putredinis_61533,ERR912033,ERR912064,2469,1436598,246547,932042,970,623,33663,127272,950,473,212884,804770,20,150,92478,2315943,5889,14549,366400,867,1,148,1,2,467,4
Alistipes_putredinis_61533,ERR912033,ERR912071,2406,1439781,247116,934154,905,681,33029,124508,883,524,214087,809646,22,157,93024,2330019,5895,14232,358440,852,2,154,1,3,517,4
Alistipes_putredinis_61533,ERR912033,ERR912072,934,1443510,247725,936569,316,289,13221,49735,311,210,234504,886834,5,79,101887,2552120,6495,5644,143288,273,0,77,2,1,209,0
Alistipes_putredinis_61533,ERR912033,ERR912086,2193,1440414,247223,934566,834,613,30430,115169,815,454,216793,819397,19,159,94108,2358086,5997,13182,331566,759,2,156,1,1,449,4
Alistipes_putredinis_61533,ERR912033,ERR912096,2515,1439824,247132,934211,941,645,27672,104317,906,499,219460,829894,35,146,95396,2388193,6093,11876,300403,672,1,144,1,5,493,1
Alistipes_putredinis_61533,ERR912033,ERR912100,1116,1444643,247911,937291,419,297,10874,40901,404,188,237037,896390,15,109,102883,2579747,6540,4698,117756,249,0,108,1,1,186,1
Alistipes_putredinis_61533,ERR912033,ERR912103,1223,1442562,247545,935965,432,370,13627,51817,419,269,233918,884148,13,101,101564,2544430,6450,5922,149208,321,0,100,1,1,267,1
Alistipes_putredinis_61533,ERR912033,ERR912111,1865,1439974,247105,934255,679,533,19393,73639,663,421,227712,860616,16,112,98954,2476549,6345,8324,212155,438,1,110,1,0,419,2
Alistipes_putredinis_61533,ERR912033,ERR912124,1843,1442460,247578,935885,714,452,21454,81489,695,336,226124,854396,19,116,98081,2458822,6285,9325,234641,501,1,114,1,1,334,1
Alistipes_putredinis_61533,ERR912033,ERR912144,2766,1438496,246849,933319,1043,748,38054,143522,1010,579,208795,789797,33,169,90927,2272611,5853,16240,413429,897,2,166,1,4,571,4
Alistipes_putredinis_61533,ERR912033,ERR912152,2641,1436684,246601,932159,1014,729,32665,123859,984,524,213936,808300,30,205,92893,2326052,5955,14157,356634,786,2,201,2,1,519,4
Alistipes_putredinis_61533,ERR912033,ERR912159,2597,1436700,246580,932156,1000,742,35266,132497,977,571,211314,799659,23,171,92038,2301098,5841,14986,381602,903,2,168,1,1,565,5
Alistipes_putredinis_61533,ERR912033,ERR912175,2737,1437111,246646,932424,1076,726,37282,140813,1048,551,209364,791611,28,175,91089,2277963,5781,15970,405521,948,3,171,1,1,546,4
Alistipes_putredinis_61533,ERR912033,mickey3-11-30-0_,2427,1435296,246213,931190,961,657,32173,122434,938,510,214040,808756,23,147,93102,2327205,5961,13914,352605,783,1,145,1,1,504,5
Alistipes_putredinis_61533,ERR912034,ERR912066,1828,1407842,241495,913511,685,511,25416,95542,620,320,216079,817969,65,191,93869,2354326,5712,11030,274909,687,4,186,1,0,318,2
Alistipes_putredinis_61533,ERR912041,ERR912048,2481,1422501,243969,922899,958,674,34055,129398,929,530,209914,793501,29,144,90951,2283810,5742,15014,372232,948,2,141,1,2,525,3
Alistipes_putredinis_61533,ERR912041,ERR912062,2301,1422961,244059,923192,898,610,29638,112951,882,480,214421,810241,16,130,92820,2331966,5937,13214,324871,768,6,124,0,5,474,1
Alistipes_putredinis_61533,ERR912041,ERR912063,1815,1423197,244064,923373,719,441,24840,93518,702,344,219224,829855,17,97,95185,2388383,5997,10848,269016,690,3,94,0,0,343,1
Alistipes_putredinis_61533,ERR912041,ERR912064,1671,1420588,243658,921615,680,402,21459,81079,669,334,222199,840536,11,68,96410,2419117,6081,9422,233197,618,1,67,0,2,332,0
Alistipes_putredinis_61533,ERR912041,ERR912071,1668,1424955,244406,924491,643,455,22566,85462,632,363,221840,839029,11,92,96173,2414884,6030,10004,245713,669,2,90,0,3,360,0
Alistipes_putredinis_61533,ERR912041,ERR912072,3005,1422106,243905,922673,1204,763,40674,154523,1176,600,203231,768150,28,163,88068,2210787,5595,17884,444599,1086,2,159,2,3,594,3
Alistipes_putredinis_61533,ERR912041,ERR912086,1505,1424164,244274,923973,596,403,19823,75354,582,318,224451,848619,14,85,97269,2442417,6171,8835,216687,540,2,83,0,1,317,0
Alistipes_putredinis_61533,ERR912041,ERR912100,2628,1422860,244027,923132,1030,698,39851,150881,1002,540,204176,772251,28,158,88416,2222796,5541,17580,433899,1164,1,156,1,2,534,4
Alistipes_putredinis_61533,ERR912041,ERR912103,2535,1422085,243879,922645,962,694,36704,140228,928,551,207175,782417,34,143,89621,2252020,5610,16361,403249,1074,1,142,0,2,546,3
Alistipes_putredinis_61533,ERR912041,ERR912111,3315,1419761,243479,921107,1296,872,43009,163605,1268,724,200470,757502,28,148,86940,2180004,5562,18859,470813,1143,3,145,0,2,718,4
Alistipes_putredinis_61533,ERR912041,ERR912124,3173,1421343,243811,922164,1253,794,42484,161927,1227,640,201327,760237,26,154,87082,2188082,5547,18792,465831,1158,2,151,1,2,634,4
Alistipes_putredinis_61533,ERR912041,ERR912144,2032,1421106,243754,921969,794,536,25420,96174,773,426,218334,825795,21,110,94714,2376653,6018,11153,276700,669,6,104,0,2,424,0
Alistipes_putredinis_61533,ERR912041,ERR912152,2017,1420203,243622,921404,797,540,22052,83141,781,414,221570,838263,16,126,96181,2412491,6117,9657,239193,573,2,124,0,3,410,1
Alistipes_putredinis_61533,ERR912041,ERR912159,1741,1421183,243744,922059,686,478,23019,86205,676,368,220725,835854,10,110,95949,2405583,6030,9942,248007,666,2,108,0,1,366,1
Alistipes_putredinis_61533,ERR912041,ERR912175,1965,1421638,243813,922341,794,496,24839,94264,764,374,218974,828077,30,122,95014,2383220,5997,10913,271186,693,3,118,1,1,372,1
Alistipes_putredinis_61533,ERR912041,mickey3-11-30-0_,1697,1418524,243222,920247,703,443,21582,82019,683,365,221640,838228,20,78,96205,2412389,6090,9556,235907,594,1,77,0,1,363,1
Alistipes_putredinis_61533,ERR912046,donald4-11-0-0_,2855,1398771,239681,907488,1119,676,37148,141765,1087,514,202533,765723,32,162,88018,2203454,5697,16305,408072,918,3,158,1,3,508,3
Alistipes_putredinis_61533,ERR912048,ERR912062,2926,1434028,246015,930388,1087,822,41747,160083,1064,643,204268,770305,23,179,88260,2216997,5658,18600,460569,1080,7,171,1,4,634,5
Alistipes_putredinis_61533,ERR912048,ERR912063,2398,1433920,245979,930323,908,658,31545,119797,876,503,214434,810526,32,155,93143,2332510,5925,13666,344945,780,0,153,2,1,499,3
Alistipes_putredinis_61533,ERR912048,ERR912064,2148,1430266,245398,927869,823,565,29175,110915,805,430,216223,816954,18,135,93797,2351107,5958,12754,319220,771,2,132,1,1,426,3
Alistipes_putredinis_61533,ERR912048,ERR912071,2068,1434099,246081,930416,746,620,28768,109208,724,471,217313,821208,22,149,94235,2363419,5970,12589,314285,750,3,145,1,2,466,3
Alistipes_putredinis_61533,ERR912048,ERR912072,1185,1437357,246612,932535,449,318,11935,44710,443,218,234677,887825,6,100,101896,2555066,6513,5163,128751,216,2,97,1,1,217,0
Alistipes_putredinis_61533,ERR912048,ERR912085,3123,1429471,245313,927398,1221,774,39712,152436,1187,610,205601,774962,34,164,88588,2230580,5718,17821,438506,981,2,161,1,5,602,3
Alistipes_putredinis_61533,ERR912048,ERR912086,1857,1434632,246166,930762,678,543,26849,102180,661,398,219317,828582,17,145,95104,2384591,6051,11762,294100,678,3,141,1,0,395,3
Alistipes_putredinis_61533,ERR912048,ERR912096,2167,1433323,245918,929921,802,565,21194,79458,779,460,224724,850463,23,105,97699,2447465,6225,9062,228805,507,2,102,1,4,456,0
Alistipes_putredinis_61533,ERR912048,ERR912100,733,1439673,246996,934023,267,199,7393,27811,256,136,239603,906212,11,63,104017,2608025,6594,3183,80082,168,1,62,0,0,135,1
Alistipes_putredinis_61533,ERR912048,ERR912103,823,1437631,246620,932710,272,268,7124,27260,260,189,239496,905450,12,79,103922,2605876,6552,3182,78409,189,1,78,0,0,188,1
Alistipes_putredinis_61533,ERR912048,ERR912111,1654,1434569,246123,930698,605,471,15761,59646,595,378,230362,871052,10,93,100144,2506628,6384,6713,171853,372,2,91,0,1,375,2
Alistipes_putredinis_61533,ERR912048,ERR912124,1451,1438164,246797,933046,550,356,13106,49191,531,265,233691,883855,19,91,101397,2543679,6489,5677,141626,270,2,88,1,0,265,0
Alistipes_putredinis_61533,ERR912048,ERR912144,2506,1431578,245601,928768,932,690,36028,136462,903,538,209573,792306,29,152,91130,2279959,5829,15517,392984,885,4,147,1,2,533,3
Alistipes_putredinis_61533,ERR912048,ERR912152,2337,1430780,245526,928268,868,672,29745,113018,832,481,215781,815250,36,191,93703,2346044,6003,12908,325435,711,3,186,2,0,478,3
Alistipes_putredinis_61533,ERR912048,ERR912159,2283,1430370,245421,927994,851,686,34158,128537,831,530,211263,799457,20,156,91961,2300575,5835,14591,370141,879,3,152,1,0,526,4
Alistipes_putredinis_61533,ERR912048,ERR912175,2429,1431457,245611,928717,924,680,37842,144114,893,541,207769,784603,31,139,90168,2257938,5703,16469,414874,999,3,135,1,1,537,3
Alistipes_putredinis_61533,ERR912048,mickey3-11-30-0_,2187,1429728,245201,927515,843,617,29715,113347,823,485,215486,814168,20,132,93638,2342896,5970,12950,326350,741,2,129,1,0,481,4
Alistipes_putredinis_61533,ERR912052,ERR912114,3334,1394814,239481,905014,1343,824,40699,153080,1323,687,198782,751934,20,137,86606,2163892,5304,17301,440913,1026,2,135,0,4,681,2
Alistipes_putredinis_61533,ERR912052,ERR912187,2372,1394055,239346,904600,935,669,24055,89346,893,486,215291,815254,42,183,93789,2346093,5880,10111,257435,492,3,179,1,1,483,2
Alistipes_putredinis_61533,ERR912052,ERR912194,3355,1392951,239133,903848,1357,830,42602,159774,1336,691,196531,744074,21,139,85684,2141318,5220,18093,460137,1092,2,137,0,4,685,2
Alistipes_putredinis_61533,ERR912054,ERR912090,2924,1397300,239777,906655,1164,747,37614,142309,1137,602,202163,764346,27,145,87786,2199813,5439,16320,409701,906,0,143,2,4,596,2
Alistipes_putredinis_61533,ERR912054,ERR912110,2399,1397353,239821,906731,969,605,27375,102548,927,417,212446,804183,42,188,92537,2314303,5709,11566,295457,621,3,184,1,1,415,1
Alistipes_putredinis_61533,ERR912054,ERR912157,2949,1396688,239643,906336,1194,702,30809,116959,1160,534,208834,789377,34,168,90738,2271753,5640,13384,336761,732,0,167,1,3,530,1
Alistipes_putredinis_61533,ERR912054,ERR912172,2647,1396699,239771,906323,1037,697,29556,110161,1006,538,210215,796162,31,159,91669,2291108,5709,12418,317399,666,1,158,0,3,534,1
Alistipes_putredinis_61533,ERR912054,ERR912193,3568,1390366,238637,902186,1394,885,38795,146245,1367,715,199842,755941,27,170,87061,2175269,5493,16563,421338,834,3,167,0,2,713,0
Alistipes_putredinis_61533,ERR912057,ERR912110,2998,1394965,239453,905149,1210,763,34306,128765,1171,619,205147,776384,39,144,89408,2234176,5568,14468,371053,774,1,141,2,3,615,1
Alistipes_putredinis_61533,ERR912057,ERR912172,3314,1394593,239377,904912,1289,899,32286,121210,1229,695,207091,783702,60,204,90174,2255334,5598,13768,349073,789,2,201,1,3,691,1
Alistipes_putredinis_61533,ERR912057,ERR912193,2886,1393012,239102,903831,1105,746,28650,107190,1082,620,210452,796641,23,126,91638,2292636,5649,12122,308734,714,2,124,0,3,617,0
Alistipes_putredinis_61533,ERR912059,ERR912141,1668,1415004,242817,917993,657,398,16872,64048,632,299,225945,853945,25,99,97988,2457610,6237,7398,184359,387,2,97,0,4,294,1
Alistipes_putredinis_61533,ERR912061,ERR912162,2467,1426777,244772,925719,1003,565,41317,158230,978,476,203455,767489,25,89,87932,2208910,5625,18375,455274,1041,0,89,0,3,471,2
Alistipes_putredinis_61533,ERR912062,ERR912063,2218,1441587,247354,935368,830,595,25566,97187,796,456,221788,838181,34,139,96024,2412438,6081,11389,279506,666,5,133,1,5,450,1
Alistipes_putredinis_61533,ERR912062,ERR912064,1675,1438356,246839,933193,639,437,22612,86870,619,327,224227,846323,20,110,96970,2435825,6174,10209,249816,585,6,104,0,4,322,1
Alistipes_putredinis_61533,ERR912062,ERR912071,1840,1442247,247528,935785,669,517,20869,80031,648,385,226659,855754,21,132,97998,2463054,6210,9461,230086,546,6,126,0,6,378,1
Alistipes_putredinis_61533,ERR912062,ERR912072,3189,1441355,247324,935243,1228,837,47689,182701,1206,655,199635,752542,22,182,86298,2165763,5565,21114,525804,1185,7,173,2,3,647,5
Alistipes_putredinis_61533,ERR912062,ERR912086,1660,1442960,247644,936241,615,459,20722,80018,589,344,226922,856223,26,115,98115,2464296,6258,9399,230148,507,6,109,0,4,339,1
Alistipes_putredinis_61533,ERR912062,ERR912100,3036,1442579,247525,936018,1154,830,47074,179575,1123,657,200451,756443,31,173,86576,2177242,5511,20909,516553,1263,7,165,1,3,648,6
Alistipes_putredinis_61533,ERR912062,ERR912103,3035,1441984,247439,935637,1141,830,45531,175460,1116,652,201908,760177,25,178,86970,2188017,5544,20508,504666,1206,6,171,1,4,644,4
Alistipes_putredinis_61533,ERR912062,ERR912144,2287,1439830,247083,934197,855,619,29839,114174,823,489,217244,820023,32,130,93915,2360139,6015,13370,328408,744,6,124,0,7,481,1
Alistipes_putredinis_61533,ERR912062,ERR912152,2180,1439189,247021,933804,810,613,23093,88354,781,434,223928,845450,29,179,96861,2433282,6207,10398,254118,546,7,172,0,5,427,2
Alistipes_putredinis_61533,ERR912062,ERR912159,1966,1438717,246906,933484,747,541,25573,96891,720,425,221333,836593,27,116,96029,2407669,6081,11172,278829,672,6,110,0,4,419,2
Alistipes_putredinis_61533,ERR912062,ERR912175,2308,1439764,247105,934162,891,615,28767,110137,859,448,218338,824025,32,167,94403,2371666,6006,12867,316812,732,4,162,1,5,441,2
Alistipes_putredinis_61533,ERR912062,mickey3-11-30-0_,1921,1438286,246754,933148,754,517,24355,93233,732,406,222399,839915,22,111,96411,2417184,6150,10824,268278,597,6,105,0,3,401,2
Alistipes_putredinis_61533,ERR912063,ERR912064,1523,1438551,246836,933343,593,366,21349,81151,578,294,225487,852192,15,72,97804,2452625,6147,9376,233489,588,1,70,1,1,293,0
Alistipes_putredinis_61533,ERR912063,ERR912071,1395,1442288,247510,935817,513,393,15975,59897,498,295,231535,875920,15,98,100527,2520945,6288,6927,172317,447,2,96,0,2,292,1
Alistipes_putredinis_61533,ERR912063,ERR912072,2666,1441633,247369,935422,1045,695,36438,138151,1007,532,210931,797271,38,163,91466,2294539,5808,15925,397610,918,0,160,3,2,527,3
Alistipes_putredinis_61533,ERR912063,ERR912086,1267,1442959,247615,936252,476,345,12600,48215,448,247,235015,888037,28,98,101927,2555740,6444,5574,138768,303,2,95,1,0,247,0
Alistipes_putredinis_61533,ERR912063,ERR912100,2494,1442087,247414,935699,962,669,34943,132390,920,507,212471,803309,42,162,92252,2311879,5796,15156,381069,945,0,160,2,0,503,4
Alistipes_putredinis_61533,ERR912063,ERR912103,2400,1441017,247238,935020,898,667,33818,128534,860,535,213420,806486,38,132,92640,2320995,5823,14741,369967,894,0,131,1,0,532,3
Alistipes_putredinis_61533,ERR912063,ERR912124,3084,1439403,247006,933957,1210,774,40943,155668,1178,607,206063,778289,32,167,89350,2239838,5679,17850,448095,1059,0,165,2,1,602,4
Alistipes_putredinis_61533,ERR912063,ERR912144,1854,1439586,247016,934048,700,496,22201,84104,663,391,224815,849944,37,105,97635,2446023,6174,9613,242144,555,2,102,1,3,388,0
Alistipes_putredinis_61533,ERR912063,ERR912152,1810,1438852,246937,933594,683,494,15009,56720,652,351,231928,876874,31,143,100664,2523586,6372,6560,163240,360,2,140,1,0,350,1
Alistipes_putredinis_61533,ERR912063,ERR912159,1556,1438884,246898,933610,584,416,20518,76240,563,299,226380,857370,21,117,98648,2467291,6171,8544,219615,561,2,114,1,0,298,1
Alistipes_putredinis_61533,ERR912063,ERR912175,1947,1439394,246997,933952,776,486,23749,90009,743,354,223248,843943,33,132,96987,2428716,6126,10243,259190,594,3,127,2,0,353,1
Alistipes_putredinis_61533,ERR912063,mickey3-11-30-0_,1597,1437190,246528,932448,633,423,16184,61702,608,319,230344,870746,25,104,100043,2505880,6315,7110,177594,402,1,102,1,0,318,1
Alistipes_putredinis_61533,ERR912064,ERR912071,1151,1439462,247053,933913,438,283,13906,52696,431,215,233147,881217,7,68,101063,2536243,6345,6172,151511,405,1,67,0,3,212,0
Alistipes_putredinis_61533,ERR912064,ERR912072,2587,1438064,246785,933039,1039,631,34228,129887,1013,479,212557,803152,26,152,92162,2311411,5883,14974,373829,858,2,148,2,2,474,3
Alistipes_putredinis_61533,ERR912064,ERR912086,988,1439834,247118,934147,390,230,12607,48373,384,171,234511,885774,6,59,101614,2549273,6435,5654,139141,324,1,58,0,1,170,0
Alistipes_putredinis_61533,ERR912064,ERR912096,3368,1433674,246050,930184,1305,836,44954,172416,1279,675,201096,757768,26,161,86797,2180990,5517,20012,496006,1230,1,160,0,6,664,5
Alistipes_putredinis_61533,ERR912064,ERR912100,2248,1438730,246876,933443,876,581,31437,119433,845,433,215439,814010,31,148,93418,2342702,5910,13758,343686,855,1,146,1,1,428,4
Alistipes_putredinis_61533,ERR912064,ERR912103,2296,1437776,246719,932839,870,622,31134,118469,850,498,215585,814370,20,124,93470,2343760,5880,13677,340869,861,1,123,0,1,494,3
Alistipes_putredinis_61533,ERR912064,ERR912111,2988,1435418,246317,931266,1149,774,41541,158435,1133,652,204776,772831,16,122,88788,2224005,5700,18171,456066,1068,2,120,0,2,646,4
Alistipes_putredinis_61533,ERR912064,ERR912124,2850,1435991,246455,931674,1125,687,36879,140353,1101,545,209576,791321,24,142,90815,2277343,5805,16154,403948,957,1,140,1,2,539,4
Alistipes_putredinis_61533,ERR912064,ERR912144,1511,1437020,246626,932312,591,385,19419,73362,566,288,227207,858950,25,97,98547,2472069,6234,8507,211066,513,4,93,0,3,285,0
Alistipes_putredinis_61533,ERR912064,ERR912152,1474,1435833,246459,931562,576,386,14650,55693,556,258,231809,875869,20,128,100527,2520723,6357,6464,160234,381,2,126,0,2,255,1
Alistipes_putredinis_61533,ERR912064,ERR912159,1292,1438061,246823,933004,504,355,18667,69571,499,270,228156,863433,5,85,99255,2484822,6222,7880,200308,525,1,84,0,1,268,1
Alistipes_putredinis_61533,ERR912064,ERR912175,1661,1436308,246500,931874,685,394,20091,76152,675,285,226409,855722,10,109,98197,2462783,6186,8810,219094,552,2,106,1,1,283,1
Alistipes_putredinis_61533,ERR912064,mickey3-11-30-0_,1329,1434047,246030,930333,540,330,15065,57340,528,274,230965,872993,12,56,100308,2512332,6339,6612,165012,396,0,56,0,1,272,1
Alistipes_putredinis_61533,ERR912066,ERR912087,2163,1397710,239747,906957,810,584,24594,92690,745,365,215153,814267,65,219,93701,2343334,5766,10551,266928,591,3,215,1,2,363,0
Alistipes_putredinis_61533,ERR912066,ERR912135,2144,1402939,240655,910402,806,566,24894,93755,736,357,215761,816647,70,209,93910,2350331,5700,10662,269931,672,3,206,0,2,353,2
Alistipes_putredinis_61533,ERR912066,ERR912170,1640,1406416,241268,912582,576,528,21447,80442,510,295,219821,832140,66,233,95637,2394927,5856,9149,231661,516,2,231,0,1,293,1
Alistipes_putredinis_61533,ERR912066,ERR912199,2075,1403849,240885,910956,762,564,22919,85822,699,350,217966,825134,63,214,94825,2374772,5805,9776,247129,561,3,211,0,1,348,1
Alistipes_putredinis_61533,ERR912071,ERR912072,2568,1441611,247423,935389,983,698,31393,118743,952,517,216030,816646,31,181,93678,2350326,5934,13717,341714,798,3,176,2,3,511,3
Alistipes_putredinis_61533,ERR912071,ERR912086,668,1444112,247865,936988,246,177,7012,26990,241,120,240853,909998,5,57,104365,2619044,6585,3211,77585,174,1,56,0,1,119,0
Alistipes_putredinis_61533,ERR912071,ERR912096,3426,1437887,246784,932969,1288,916,44981,171167,1265,736,201803,761802,23,180,87342,2192517,5547,19787,492523,1191,2,177,1,7,725,4
Alistipes_putredinis_61533,ERR912071,ERR912100,2185,1442362,247530,935853,804,638,31718,120281,778,465,215812,815572,26,173,93507,2347341,5868,13927,346028,888,2,170,1,2,459,4
Alistipes_putredinis_61533,ERR912071,ERR912103,2214,1441309,247366,935186,792,674,30932,117762,768,530,216434,817424,24,144,93773,2352607,5892,13628,338815,843,2,142,0,2,525,3
Alistipes_putredinis_61533,ERR912071,ERR912111,3029,1438938,246949,933614,1130,852,38595,146523,1112,699,208354,787091,18,153,90452,2265058,5763,16764,421815,990,3,150,0,3,692,4
Alistipes_putredinis_61533,ERR912071,ERR912124,2808,1439715,247127,934141,1060,754,41761,158840,1039,581,205366,775301,21,173,88914,2231304,5685,18322,457130,1068,1,171,1,4,573,4
Alistipes_putredinis_61533,ERR912071,ERR912144,1496,1440453,247219,934597,563,391,16886,63774,537,297,230333,870823,26,94,99905,2506303,6261,7395,183450,477,4,90,0,5,292,0
Alistipes_putredinis_61533,ERR912071,ERR912152,1223,1440105,247212,934387,466,338,9753,36850,447,214,237459,897537,19,124,102953,2583154,6504,4342,105974,234,2,122,0,2,211,1
Alistipes_putredinis_61533,ERR912071,ERR912159,1091,1439833,247124,934211,409,312,12464,46111,403,221,234660,888100,6,91,102018,2555886,6396,5239,132746,348,1,90,0,1,219,1
Alistipes_putredinis_61533,ERR912071,ERR912175,1469,1440439,247225,934618,591,363,16441,62395,573,245,230784,872223,18,118,100091,2510290,6288,7212,179529,444,2,115,1,1,243,1
Alistipes_putredinis_61533,ERR912071,mickey3-11-30-0_,1311,1437832,246701,932849,495,383,13451,51109,485,300,233250,881740,10,83,101310,2537526,6384,5889,147090,348,1,82,0,2,297,1
Alistipes_putredinis_61533,ERR912072,ERR912086,2361,1442037,247486,935671,922,622,32388,123082,903,459,215098,812589,19,163,93191,2338606,5970,14235,354240,771,3,158,2,1,455,3
Alistipes_putredinis_61533,ERR912072,ERR912096,2610,1439566,247052,934070,997,656,28273,106395,973,497,218779,827675,24,159,95024,2381911,6090,12231,306303,651,2,156,1,5,491,1
Alistipes_putredinis_61533,ERR912072,ERR912100,1316,1445328,248008,937791,507,329,14009,53019,489,209,233999,884772,18,120,101433,2546412,6471,6217,152546,294,1,118,1,1,207,1
Alistipes_putredinis_61533,ERR912072,ERR912103,1381,1444353,247846,937164,513,378,14022,53474,490,285,233824,883690,23,93,101338,2543303,6429,6277,153833,312,1,91,1,1,283,1
Alistipes_putredinis_61533,ERR912072,ERR912111,2076,1441608,247392,935352,774,566,23699,89915,762,463,223693,845437,12,103,97066,2432984,6261,10335,258912,498,2,100,1,0,461,2
Alistipes_putredinis_61533,ERR912072,ERR912124,1927,1443186,247691,936402,761,454,21747,81814,736,335,225944,854588,25,119,98054,2459428,6282,9425,235537,480,2,115,2,1,334,0
Alistipes_putredinis_61533,ERR912072,ERR912144,2933,1438935,246923,933636,1141,749,41623,157300,1110,585,205300,776336,31,164,89302,2234000,5706,17904,452976,1020,4,158,2,3,579,3
Alistipes_putredinis_61533,ERR912072,ERR912152,2865,1438072,246829,933100,1122,748,34910,132440,1087,549,211919,800660,35,199,91969,2304089,5922,15197,381319,804,3,193,3,1,545,3
Alistipes_putredinis_61533,ERR912072,ERR912159,2801,1438092,246798,933107,1092,767,39939,150449,1071,590,206859,782658,21,177,89903,2252347,5724,17230,433115,1002,3,172,2,1,585,4
Alistipes_putredinis_61533,ERR912072,ERR912175,2929,1438697,246912,933514,1164,748,43862,166185,1137,583,203050,767329,27,165,88069,2208284,5634,19120,478355,1080,4,159,2,1,579,3
Alistipes_putredinis_61533,ERR912072,mickey3-11-30-0_,2595,1437254,246558,932496,1041,670,33946,129099,1016,525,212612,803397,25,145,92307,2311971,5913,14855,371632,810,2,141,2,1,520,4
Alistipes_putredinis_61533,ERR912085,ERR912103,3372,1434111,246126,930499,1292,874,41511,159987,1256,666,204615,770512,36,208,88015,2217842,5679,18799,460124,1038,2,205,1,4,658,4
Alistipes_putredinis_61533,ERR912086,ERR912096,3230,1437074,246653,932433,1230,843,43569,166259,1209,657,203084,766174,21,186,87762,2205159,5601,19301,478330,1146,2,184,0,5,647,5
Alistipes_putredinis_61533,ERR912086,ERR912100,1993,1442944,247628,936239,747,568,27978,106477,714,398,219650,829762,33,170,95142,2388168,5976,12333,306309,789,2,167,1,0,394,4
Alistipes_putredinis_61533,ERR912086,ERR912103,2034,1441899,247457,935572,737,606,29467,112564,718,474,217990,823008,19,132,94411,2368664,5949,13031,323869,792,2,130,0,0,471,3
Alistipes_putredinis_61533,ERR912086,ERR912111,2777,1439547,247044,934012,1037,781,36910,140453,1012,639,210134,793559,25,142,91201,2283656,5820,16055,404362,942,3,139,0,1,634,4
Alistipes_putredinis_61533,ERR912086,ERR912124,2608,1440227,247212,934478,1004,679,35846,136159,981,517,211366,798319,23,162,91604,2297482,5871,15659,391927,891,2,159,1,1,512,4
Alistipes_putredinis_61533,ERR912086,ERR912144,1379,1441413,247384,935210,515,375,16740,63809,489,277,230644,871401,26,98,99956,2507914,6333,7406,183607,414,4,94,0,3,274,0
Alistipes_putredinis_61533,ERR912086,ERR912152,1073,1440663,247297,934751,416,281,9441,35976,389,197,237856,898775,27,84,103165,2586584,6576,4179,103575,174,1,83,0,1,195,1
Alistipes_putredinis_61533,ERR912086,ERR912159,907,1440412,247221,934583,355,253,12206,45635,345,181,235015,888948,10,72,102153,2558247,6444,5147,131446,312,0,72,0,0,180,1
Alistipes_putredinis_61533,ERR912086,ERR912175,1305,1441142,247342,935070,544,309,16885,64977,525,226,230457,870093,19,83,99813,2504130,6336,7535,186988,408,1,81,1,0,225,1
Alistipes_putredinis_61533,ERR912086,mickey3-11-30-0_,1150,1438483,246803,933272,449,331,12331,47505,433,265,234472,885767,16,66,101765,2549068,6468,5481,136761,273,1,65,0,0,264,1
Alistipes_putredinis_61533,ERR912087,ERR912135,1822,1396542,239536,906244,709,455,19231,72684,668,326,220305,833560,41,129,95846,2398903,5931,8322,209319,411,0,129,0,5,320,1
Alistipes_putredinis_61533,ERR912087,ERR912170,2480,1396190,239528,905967,927,693,28610,107327,863,450,210918,798640,64,243,92007,2298288,5625,12123,309147,711,4,239,0,3,447,0
Alistipes_putredinis_61533,ERR912087,ERR912199,714,1398258,239891,907345,259,210,5378,20287,245,127,234513,887058,14,83,101991,2552985,6198,2271,58452,138,0,83,0,1,126,0
Alistipes_putredinis_61533,ERR912090,ERR912110,2624,1398500,239976,907451,1056,652,35400,134492,1016,503,204576,772959,40,149,88738,2224622,5517,15443,387211,822,2,145,2,4,497,2
Alistipes_putredinis_61533,ERR912090,ERR912157,3170,1398428,239940,907453,1258,763,35875,136953,1229,618,204065,770500,29,145,88409,2217619,5472,15805,394148,906,1,142,2,4,612,2
Alistipes_putredinis_61533,ERR912090,ERR912172,2810,1397712,239922,906965,1091,743,33560,126939,1049,602,206362,780026,42,141,89648,2244910,5520,14530,365453,834,1,138,2,5,594,3
Alistipes_putredinis_61533,ERR912096,ERR912100,2298,1441253,247330,935147,867,577,23399,88231,840,443,223931,846916,27,134,97219,2437352,6177,10135,253967,591,1,132,1,4,438,1
Alistipes_putredinis_61533,ERR912096,ERR912103,2258,1439310,246982,933900,844,586,25501,96938,815,472,221481,836962,29,114,96150,2408631,6105,11111,279058,645,1,112,1,4,467,1
Alistipes_putredinis_61533,ERR912096,ERR912111,2819,1437240,246641,932538,1087,712,30763,117075,1069,599,215878,815463,18,113,93670,2346743,5976,13420,337010,795,2,110,1,5,592,2
Alistipes_putredinis_61533,ERR912096,ERR912124,1078,1441996,247475,935617,398,298,10715,40009,391,216,236760,895608,7,82,102880,2577401,6543,4519,115268,240,1,81,0,3,213,0
Alistipes_putredinis_61533,ERR912096,mickey3-11-30-0_,3380,1432247,245709,929228,1321,883,51551,196418,1306,746,194158,732810,15,137,84242,2108737,5451,22544,565423,1287,1,135,1,5,736,5
Alistipes_putredinis_61533,ERR912100,ERR912103,936,1445575,248033,937948,324,280,9429,36381,306,196,238604,901567,18,84,103387,2594810,6504,4305,104568,270,0,84,0,0,194,2
Alistipes_putredinis_61533,ERR912100,ERR912111,1798,1442568,247544,935953,675,484,18272,69456,659,395,229272,866497,16,89,99547,2493617,6327,7906,199997,465,1,88,0,1,391,3
Alistipes_putredinis_61533,ERR912100,ERR912124,1558,1445444,248079,937853,600,369,15228,57330,571,247,232851,880523,29,122,100959,2534184,6426,6659,164962,369,1,120,1,0,246,1
Alistipes_putredinis_61533,ERR912100,ERR912144,2583,1439933,247074,934268,980,704,37088,140252,949,535,209986,794016,31,169,91263,2284998,5787,16000,403793,963,3,165,1,2,529,4
Alistipes_putredinis_61533,ERR912100,ERR912152,2476,1439305,247038,933879,943,693,32276,122378,907,491,214762,811501,36,202,93250,2335316,5937,13983,352338,813,2,198,2,0,487,4
Alistipes_putredinis_61533,ERR912100,ERR912159,2426,1438729,246884,933498,918,708,35875,135286,887,525,211009,798212,31,183,91755,2297079,5802,15418,389492,948,2,180,1,0,520,5
Alistipes_putredinis_61533,ERR912100,ERR912175,2600,1439711,247070,934144,1004,704,38570,146550,971,536,208500,787594,33,168,90494,2266555,5733,16746,421899,1005,3,164,1,0,532,4
Alistipes_putredinis_61533,ERR912100,mickey3-11-30-0_,2232,1438251,246711,933130,877,616,31873,121762,844,468,214838,811368,33,148,93258,2334975,5871,13955,350452,879,1,146,1,0,463,5
Alistipes_putredinis_61533,ERR912103,ERR912111,1768,1442211,247487,935743,661,480,19232,73752,652,390,228255,861991,9,90,99008,2480653,6312,8453,212347,456,1,89,0,1,386,3
Alistipes_putredinis_61533,ERR912103,ERR912124,1587,1443043,247653,936307,595,415,16711,63695,571,290,230942,872612,24,125,100120,2511356,6360,7369,183305,411,1,123,1,0,289,1
Alistipes_putredinis_61533,ERR912103,ERR912144,2681,1438986,246927,933659,984,756,39393,149738,950,595,207534,783921,34,161,90178,2255831,5754,17053,431183,978,3,158,0,2,590,3
Alistipes_putredinis_61533,ERR912103,ERR912152,2507,1438409,246895,933311,938,720,30349,115775,896,522,216546,817536,42,198,93936,2352696,5976,13280,333295,750,2,194,2,0,520,2
Alistipes_putredinis_61533,ERR912103,ERR912159,2413,1437646,246718,932807,886,715,35919,135367,861,563,210799,797440,25,152,91769,2294752,5799,15357,389817,927,2,150,0,0,559,4
Alistipes_putredinis_61533,ERR912103,ERR912175,2613,1438674,246912,933483,991,724,36395,138748,954,553,210517,794735,37,171,91318,2287109,5778,15889,399419,936,3,167,1,0,551,2
Alistipes_putredinis_61533,ERR912103,mickey3-11-30-0_,2299,1437328,246572,932522,876,660,31909,122729,854,527,214663,809793,22,133,93026,2330461,5892,14157,353190,840,1,132,0,0,523,4
Alistipes_putredinis_61533,ERR912109,ERR912140,1001,1429092,245193,927235,362,262,13026,49332,345,190,232167,877903,17,72,100683,2526624,6402,5795,141916,285,2,70,0,0,190,0
Alistipes_putredinis_61533,ERR912110,ERR912157,2561,1397211,239718,906685,1023,619,27295,103307,986,502,212423,803378,37,117,92404,2311937,5793,11727,297627,567,2,115,0,3,499,0
Alistipes_putredinis_61533,ERR912110,ERR912172,2207,1396515,239722,906227,883,570,23018,86140,843,443,216704,820087,40,127,94368,2360040,5853,9713,248215,492,1,125,1,3,438,2
Alistipes_putredinis_61533,ERR912110,ERR912193,3181,1391286,238809,902778,1242,762,34947,132358,1219,576,203862,770420,23,186,88586,2217115,5559,15066,381261,747,4,180,2,3,572,1
Alistipes_putredinis_61533,ERR912111,ERR912124,2252,1440892,247303,934884,888,560,27433,104916,874,479,219870,829968,14,81,95365,2388413,6126,11944,302132,672,2,78,1,1,476,2
Alistipes_putredinis_61533,ERR912111,ERR912144,3339,1436500,246502,932022,1275,898,47316,179899,1257,760,199186,752123,18,138,86542,2164199,5628,20484,518085,1128,4,134,0,3,753,4
Alistipes_putredinis_61533,ERR912111,ERR912152,3207,1436006,246467,931721,1218,882,40819,155210,1193,712,205648,776511,25,170,89309,2234497,5727,17718,446886,1026,3,166,1,1,707,4
Alistipes_putredinis_61533,ERR912111,ERR912159,3154,1435356,246314,931289,1193,889,44252,166786,1174,727,202062,764503,19,162,88021,2199869,5619,18932,480298,1128,3,159,0,1,721,5
Alistipes_putredinis_61533,ERR912111,ERR912175,3261,1436423,246516,931981,1232,876,47677,181619,1209,740,198839,750362,23,136,86306,2159260,5520,20718,522918,1221,4,132,0,1,735,4
Alistipes_putredinis_61533,ERR912111,mickey3-11-30-0_,3038,1434937,246179,930961,1186,827,40530,155184,1163,706,205649,775777,23,121,89247,2232360,5724,17735,446797,1020,2,119,0,1,700,5
Alistipes_putredinis_61533,ERR912114,ERR912187,3053,1393926,239355,904500,1263,763,35459,132808,1224,598,203896,771692,39,165,88923,2220717,5436,14955,382563,906,4,159,2,3,594,1
Alistipes_putredinis_61533,ERR912114,ERR912194,66,1399285,240204,907988,14,35,329,1142,8,3,239875,906846,6,32,104074,2610146,6318,145,3269,12,1,31,0,0,3,0
Alistipes_putredinis_61533,ERR912124,ERR912144,3012,1437358,246677,932597,1144,782,44052,166911,1115,618,202625,765686,29,164,88039,2203370,5649,19023,480612,1098,4,159,1,2,612,4
Alistipes_putredinis_61533,ERR912124,ERR912152,2960,1436632,246621,932147,1155,771,39297,149087,1133,586,207324,783060,22,185,89972,2253415,5793,17057,429250,954,2,181,2,1,583,2
Alistipes_putredinis_61533,ERR912124,ERR912159,2997,1436048,246477,931763,1156,800,46859,176319,1136,626,199618,755444,20,174,87013,2173748,5571,19951,507830,1176,3,170,1,0,621,5
Alistipes_putredinis_61533,ERR912124,ERR912175,3181,1437080,246667,932448,1252,796,48804,185012,1221,630,197863,747436,31,166,85888,2150894,5526,21154,532673,1209,3,162,1,1,627,2
Alistipes_putredinis_61533,ERR912124,mickey3-11-30-0_,2788,1436104,246394,931738,1110,710,37970,144215,1082,576,208424,787523,28,134,90559,2266193,5817,16481,415234,930,2,131,1,0,571,5
Alistipes_putredinis_61533,ERR912135,ERR912170,2403,1401408,240418,909392,913,633,23059,86664,843,378,217359,822728,70,255,94564,2367824,5796,9897,249522,573,3,252,0,3,374,1
Alistipes_putredinis_61533,ERR912135,ERR912199,1704,1402654,240632,910234,660,415,15659,58700,620,264,224973,851534,40,151,97816,2450774,6012,6718,169034,348,0,151,0,4,259,1
Alistipes_putredinis_61533,ERR912144,ERR912152,1778,1437243,246686,932522,672,501,19542,73945,640,367,227144,858577,32,134,98620,2470853,6258,8467,212894,474,4,130,0,3,363,1
Alistipes_putredinis_61533,ERR912144,ERR912159,1530,1437379,246695,932607,582,453,20044,75172,550,323,226651,857435,32,130,98502,2467563,6240,8569,216452,495,4,126,0,3,319,1
Alistipes_putredinis_61533,ERR912144,ERR912175,1952,1437657,246742,932786,773,505,23028,87291,735,362,223714,845495,38,143,97071,2433294,6120,10013,251254,606,5,137,1,3,358,1
Alistipes_putredinis_61533,ERR912144,mickey3-11-30-0_,1713,1436094,246371,931714,650,479,20288,77066,627,372,226083,854648,23,107,98214,2459469,6261,8856,221871,471,4,103,0,2,369,1
Alistipes_putredinis_61533,ERR912152,ERR912159,1238,1436706,246600,932189,458,379,13649,51240,445,251,232951,880949,13,128,101201,2535223,6423,5842,147560,318,1,127,0,1,248,2
Alistipes_putredinis_61533,ERR912152,ERR912175,1657,1437331,246707,932599,660,412,16925,64176,633,254,229782,868423,27,158,99725,2499196,6348,7371,184776,381,2,155,1,1,253,0
Alistipes_putredinis_61533,ERR912152,mickey3-11-30-0_,1606,1434816,246212,930904,613,458,14605,55459,586,335,231607,875445,27,123,100661,2519269,6405,6331,159728,318,2,121,0,1,332,2
Alistipes_putredinis_61533,ERR912157,ERR912172,2925,1397098,239741,906641,1135,738,28434,106882,1095,589,211307,799759,40,149,91953,2301600,5724,12241,307748,657,1,147,1,2,585,2
Alistipes_putredinis_61533,ERR912157,ERR912193,3801,1391548,238778,902983,1479,921,42565,160821,1457,748,196213,742162,22,173,85464,2135634,5388,18258,463251,954,2,170,1,4,742,2
Alistipes_putredinis_61533,ERR912159,ERR912175,1175,1438112,246813,933104,487,317,11617,43429,466,205,235196,889675,21,112,102261,2560311,6453,4862,125140,285,1,110,1,0,203,2
Alistipes_putredinis_61533,ERR912159,mickey3-11-30-0_,1527,1434252,246077,930531,589,450,18030,67533,575,355,228047,862998,14,95,99341,2483392,6261,7584,194550,465,1,94,0,0,353,2
Alistipes_putredinis_61533,ERR912170,ERR912199,2356,1402627,240706,910136,877,656,27593,103604,807,393,213113,806532,70,263,92744,2321170,5682,11764,298388,660,4,259,0,2,391,0
Alistipes_putredinis_61533,ERR912172,ERR912193,3321,1391552,238875,902998,1281,845,35765,135705,1240,661,203110,767293,41,184,88179,2208192,5508,15571,390710,834,3,180,1,5,655,1
Alistipes_putredinis_61533,ERR912175,mickey3-11-30-0_,1841,1435079,246216,931079,740,497,20163,76319,717,371,226053,854760,23,126,98300,2459767,6213,8685,219771,501,2,123,1,0,369,2
Alistipes_putredinis_61533,ERR912187,ERR912194,3084,1392053,238989,903300,1284,763,36209,135451,1248,604,202780,767849,36,159,88390,2209769,5388,15340,390086,927,3,154,2,3,600,1
Alistipes_putredinis_61533,SRR341709,ERR912000,3568,1425813,244488,925007,1369,927,43587,165572,1355,723,200901,759435,14,204,87142,2185583,5580,19279,476366,1071,5,197,2,5,717,1
Alistipes_putredinis_61533,SRR341709,ERR912048,3678,1418559,243174,920222,1400,951,48460,184133,1384,734,194714,736089,16,217,84443,2118403,5421,21441,529773,1185,6,209,2,4,729,1
Alistipes_putredinis_61533,SRR341721,SRR413584,2480,1382926,236373,897069,1022,579,41036,155938,963,426,195337,741131,59,153,85667,2132188,5538,17952,448896,966,1,151,1,4,421,1
Alistipes_putredinis_61533,SRR413559,ERR912030,2807,1421302,243822,922208,1165,609,32546,123925,1125,482,211276,798283,40,127,91681,2297264,5904,14191,356816,768,2,125,0,2,479,1
Alistipes_putredinis_61533,SRR413559,SRR413579,2288,1281284,216562,831565,921,485,26433,102596,878,333,190129,728969,43,152,84930,2096277,5700,12019,295091,678,1,149,2,1,332,0
Alistipes_putredinis_61533,SRR413559,SRR413625,2281,1421163,243820,922082,912,531,32660,124962,875,407,211160,797120,37,124,91510,2293994,5856,14368,359693,825,2,121,1,2,404,1
Alistipes_putredinis_61533,SRR413579,ERR912030,1926,1284096,217071,833415,757,418,20133,77922,715,259,196938,755493,42,159,88079,2172463,5937,9113,224197,456,2,156,1,1,256,2
Alistipes_putredinis_61533,SRR413579,ERR912162,2460,1283871,216998,833241,965,532,29643,115542,918,367,187355,717699,47,165,83598,2063859,5640,13569,332301,756,4,161,0,2,363,2
Alistipes_putredinis_61533,SRR413579,SRR413625,1060,1284880,217221,833895,400,261,12152,46968,370,155,205069,786927,30,106,91789,2262881,6111,5476,135143,285,1,105,0,2,152,1
Alistipes_putredinis_61533,SRR413579,SRR413626,2622,1280800,216511,831255,1005,647,32439,123972,956,465,184072,707283,49,182,82696,2033588,5565,14241,356877,798,3,177,2,1,462,2
Alistipes_putredinis_61533,SRR413582,ERR911960,1241,1411330,241321,915668,443,341,16151,61231,424,265,225170,854437,19,76,98519,2458531,6261,7086,176226,381,1,75,0,2,261,2
Alistipes_putredinis_61533,SRR413582,ERR911963,1504,1411658,241394,915880,588,344,21542,81321,571,268,219852,834559,17,76,96465,2401185,6027,9209,234154,600,1,75,0,1,265,2
Alistipes_putredinis_61533,SRR413582,ERR911966,2625,1397233,238939,906540,972,699,36546,139789,934,527,202393,766751,38,172,88340,2206315,5598,16243,402140,984,3,169,0,3,517,7
Alistipes_putredinis_61533,SRR413582,ERR911988,1125,1410779,241195,915318,400,314,15001,56756,377,223,226194,858562,23,91,99065,2470369,6252,6519,163365,384,1,90,0,2,218,3
Alistipes_putredinis_61533,SRR413582,ERR911996,2930,1405083,240179,911665,1123,700,36929,141500,1101,588,203250,770165,22,112,88702,2216201,5592,16469,406993,1038,1,111,0,4,582,2
Alistipes_putredinis_61533,SRR413582,ERR911999,2527,1409134,240891,914255,949,665,37307,141994,904,485,203584,772261,45,180,89221,2221880,5682,16309,408698,975,2,178,0,3,476,6
Alistipes_putredinis_61533,SRR413582,ERR912000,2407,1409496,240977,914485,887,685,32931,125004,853,525,208046,789481,34,160,91198,2271473,5772,14324,359812,876,3,157,0,2,517,6
Alistipes_putredinis_61533,SRR413582,ERR912026,2571,1408644,240874,913911,989,668,30830,115982,956,510,210044,797929,33,158,92150,2295811,5826,13307,333829,810,5,152,1,2,505,3
Alistipes_putredinis_61533,SRR413582,ERR912033,2514,1408797,240868,914019,981,641,37157,140437,942,469,203711,773582,39,172,89435,2225656,5655,16026,404295,990,2,170,0,3,459,7
Alistipes_putredinis_61533,SRR413582,ERR912041,1767,1393289,238074,903918,689,441,25855,98043,669,333,212219,805875,20,108,92908,2318816,5901,11401,282032,696,2,106,0,3,328,2
Alistipes_putredinis_61533,SRR413582,ERR912048,2278,1402429,239711,909820,845,631,31214,118937,811,466,208497,790883,34,165,91300,2275586,5763,13690,342269,852,3,162,0,2,458,6
Alistipes_putredinis_61533,SRR413582,ERR912062,1874,1411038,241251,915484,673,545,28718,109232,642,427,212533,806252,31,118,92941,2319890,5925,12718,314249,729,6,112,0,6,418,3
Alistipes_putredinis_61533,SRR413582,ERR912063,1683,1411346,241277,915689,605,457,19629,73912,575,340,221648,841777,30,117,97232,2421997,6102,8431,212774,531,2,115,0,2,336,2
Alistipes_putredinis_61533,SRR413582,ERR912064,1408,1408868,240882,914044,519,353,16934,64138,491,257,223948,849906,28,96,97998,2445537,6183,7471,184481,462,1,95,0,3,252,2
Alistipes_putredinis_61533,SRR413582,ERR912071,1297,1411902,241415,916053,466,333,14181,53709,445,243,227234,862344,21,90,99505,2481275,6252,6189,154545,393,2,88,0,2,239,2
Alistipes_putredinis_61533,SRR413582,ERR912072,2754,1410201,241099,914964,1068,708,36386,138862,1026,504,204713,776102,42,204,89491,2233115,5700,16080,399579,927,3,200,1,3,495,6
Alistipes_putredinis_61533,SRR413582,ERR912086,1184,1412550,241526,916452,441,296,19303,73409,421,224,222223,843043,20,72,97232,2425729,6168,8512,211226,489,1,71,0,1,221,2
Alistipes_putredinis_61533,SRR413582,ERR912100,2363,1410950,241203,915429,890,639,36047,137095,853,472,205156,778334,37,167,89776,2239586,5640,15845,394423,1017,2,165,0,2,463,7
Alistipes_putredinis_61533,SRR413582,ERR912103,2361,1410016,241063,914833,871,655,38228,145381,838,499,202835,769452,33,156,88879,2213855,5622,16718,418420,1005,2,154,0,2,492,5
Alistipes_putredinis_61533,SRR413582,ERR912111,3163,1407655,240637,913264,1196,843,39946,151944,1153,666,200691,761320,43,177,87990,2190333,5637,17410,437411,1011,3,174,0,3,657,6
Alistipes_putredinis_61533,SRR413582,ERR912144,1809,1409610,241027,914536,670,465,23389,88812,623,315,217638,825724,47,150,95301,2375820,6051,10222,255629,585,5,145,0,4,309,2
Alistipes_putredinis_61533,SRR413582,ERR912152,1674,1408712,240897,913980,628,435,19718,74862,599,303,221179,839118,29,132,96793,2414396,6165,8692,215423,471,2,130,0,2,298,3
Alistipes_putredinis_61533,SRR413582,ERR912159,1493,1409636,241044,914578,552,405,20585,77016,533,309,220459,837562,19,96,96861,2409741,6084,8649,221838,561,1,95,0,1,305,3
Alistipes_putredinis_61533,SRR413582,ERR912175,1819,1409438,241019,914452,715,442,21986,83436,683,318,219033,831016,32,124,95946,2391063,6039,9543,240174,591,2,121,1,1,314,3
Alistipes_putredinis_61533,SRR413582,SRR413603,2726,1403469,239935,910535,1047,692,42938,163001,1003,521,196997,747534,44,171,86315,2150785,5502,18760,469121,1122,4,167,0,2,512,7
Alistipes_putredinis_61533,SRR413582,mickey3-11-30-0_,1605,1407488,240571,913137,597,451,20734,78887,577,346,219837,834250,20,105,96339,2400291,6120,9101,227041,519,1,104,0,2,341,3
Alistipes_putredinis_61533,SRR413603,ERR911954,715,1433098,245650,929752,271,205,8267,31085,254,144,237383,898667,17,61,103304,2586160,6537,3552,89475,228,1,60,0,0,144,0
Alistipes_putredinis_61533,SRR413603,ERR911956,2529,1429858,245058,927664,1013,592,33214,126892,997,490,211844,800772,16,102,91873,2304488,5955,14747,365155,774,2,99,1,3,486,1
Alistipes_putredinis_61533,SRR413603,ERR911960,2618,1426534,244510,925506,1029,651,38584,147124,1008,505,205926,778382,21,146,89518,2239883,5745,16846,423563,963,2,143,1,1,500,4
Alistipes_putredinis_61533,SRR413603,ERR911963,2898,1426779,244564,925674,1151,705,42358,160788,1129,559,202206,764886,22,146,88073,2201026,5559,18355,462881,1128,3,143,0,1,553,5
Alistipes_putredinis_61533,SRR413603,ERR911966,2258,1415597,242641,918427,880,538,29378,111717,853,411,213263,806710,27,127,92599,2321507,6024,12976,321524,651,3,122,2,1,408,2
Alistipes_putredinis_61533,SRR413603,ERR911970,2605,1423682,243991,923645,1000,621,29298,110273,983,496,214693,813372,17,125,93601,2340512,6003,12648,317457,714,2,122,1,1,495,0
Alistipes_putredinis_61533,SRR413603,ERR911988,2466,1426166,244389,925289,947,632,37152,141622,918,484,207237,783667,29,148,90069,2255154,5778,16293,407646,927,2,145,1,1,478,5
Alistipes_putredinis_61533,SRR413603,ERR911995,2185,1422774,243781,923097,870,534,34362,130116,845,428,209419,792981,25,106,91462,2281562,5919,14684,374887,777,3,102,1,1,425,2
Alistipes_putredinis_61533,SRR413603,ERR911999,1478,1431307,245303,928636,577,335,17527,66228,562,239,227776,862408,15,96,99134,2481733,6357,7631,190645,408,3,92,1,0,239,0
Alistipes_putredinis_61533,SRR413603,ERR912000,1233,1432531,245504,929389,482,295,13505,51069,471,211,231999,878320,11,84,100940,2527588,6432,5864,147013,330,3,80,1,0,211,0
Alistipes_putredinis_61533,SRR413603,ERR912007,1850,1415284,242441,918114,732,439,24186,91698,719,334,218255,826416,13,105,94880,2378305,6063,10652,263806,636,3,101,1,2,332,0
Alistipes_putredinis_61533,SRR413603,ERR912009,2668,1423595,244068,923560,1086,630,35351,134111,1049,531,208717,789449,37,99,90672,2271864,5811,15559,385865,909,1,97,1,4,526,1
Alistipes_putredinis_61533,SRR413603,ERR912013,2097,1431246,245263,928586,783,571,25907,98296,755,417,219356,830290,28,154,95375,2389354,6141,11399,282865,624,2,150,2,2,415,0
Alistipes_putredinis_61533,SRR413603,ERR912033,1770,1430616,245191,928139,682,428,20502,77211,655,300,224689,850928,27,128,97936,2448569,6279,8753,222418,462,2,124,2,1,299,0
Alistipes_putredinis_61533,SRR413603,ERR912041,3107,1408502,241248,913751,1226,777,43365,165493,1200,627,197883,748258,26,150,85846,2153447,5481,19220,476080,1179,2,147,1,3,620,4
Alistipes_putredinis_61533,SRR413603,ERR912048,1399,1425095,244183,924488,529,342,15256,57430,513,246,228927,867058,16,96,99650,2495149,6375,6611,165340,339,3,92,1,0,246,0
Alistipes_putredinis_61533,SRR413603,ERR912063,3005,1427639,244630,926265,1173,745,44445,169305,1131,581,200185,756960,42,164,87073,2178209,5598,19411,487403,1101,2,160,2,0,577,4
Alistipes_putredinis_61533,SRR413603,ERR912064,2659,1424309,244094,924026,1047,638,36747,140241,1027,504,207347,783785,20,134,90066,2255550,5739,16185,403560,978,2,131,1,2,498,4
Alistipes_putredinis_61533,SRR413603,ERR912071,2729,1427983,244759,926461,1026,722,41659,159076,1002,547,203100,767385,24,175,88035,2208504,5616,18482,457654,1092,2,172,1,4,539,4
Alistipes_putredinis_61533,SRR413603,ERR912072,1852,1431315,245291,928635,732,430,22781,86270,713,317,222510,842365,19,113,96769,2424119,6207,9993,248307,510,3,108,2,1,316,0
Alistipes_putredinis_61533,SRR413603,ERR912086,2530,1428450,244835,926771,968,650,37024,141169,946,494,207811,785602,22,156,90233,2260780,5793,16309,406274,924,3,152,1,1,489,4
Alistipes_putredinis_61533,SRR413603,ERR912096,1001,1430128,245081,927846,362,285,10914,41070,346,204,234167,886776,16,81,101959,2551895,6474,4701,118245,264,2,79,0,3,201,0
Alistipes_putredinis_61533,SRR413603,ERR912100,1480,1433428,245650,929990,568,344,16572,62621,542,228,229078,867369,26,116,99619,2496146,6342,7265,180187,411,2,113,1,0,227,1
Alistipes_putredinis_61533,SRR413603,ERR912103,1525,1431239,245272,928579,565,396,19779,75932,545,289,225493,852647,20,107,97981,2453741,6219,8795,218494,507,2,104,1,0,288,1
Alistipes_putredinis_61533,SRR413603,ERR912111,2146,1429019,244908,927115,843,533,23832,90686,837,442,221076,836429,6,91,96263,2406847,6177,10329,261147,582,3,87,1,1,439,2
Alistipes_putredinis_61533,SRR413603,ERR912124,273,1434156,245784,930457,106,68,4508,17393,98,41,241276,913064,8,27,104869,2627660,6663,2054,50017,108,1,26,0,0,41,0
Alistipes_putredinis_61533,SRR413603,ERR912144,3043,1425744,244340,925000,1160,770,47492,180927,1132,612,196848,744073,28,158,85775,2140909,5535,20576,521032,1173,4,153,1,3,605,4
Alistipes_putredinis_61533,SRR413603,ERR912152,2889,1424925,244258,924494,1121,743,39785,151417,1095,557,204473,773077,26,186,88945,2224556,5730,17368,435905,978,3,181,2,1,554,2
Alistipes_putredinis_61533,SRR413603,ERR912159,2901,1424483,244162,924175,1118,770,43266,162926,1099,590,200896,761249,19,180,87702,2190480,5565,18543,469098,1137,3,176,1,1,584,5
Alistipes_putredinis_61533,SRR413603,ERR912175,3064,1425671,244382,924970,1206,764,47875,181712,1177,598,196507,743258,29,166,85518,2138790,5466,20820,523092,1224,4,161,1,1,595,2
Alistipes_putredinis_61533,SRR413603,SRR413629,168,1434185,245784,930454,60,48,3420,13361,48,20,242364,917093,12,28,105336,2639265,6678,1601,38392,90,2,25,1,0,20,0
Alistipes_putredinis_61533,SRR413603,SRR413653,452,1432324,245456,929242,178,115,5332,19861,161,72,240124,909381,17,43,104526,2617023,6594,2298,57141,144,2,41,0,0,72,0
Alistipes_putredinis_61533,SRR413603,mickey3-11-30-0_,2694,1424809,244105,924355,1066,685,38988,149036,1046,551,205117,775319,20,134,89228,2231005,5724,17112,429012,984,2,131,1,1,545,5
Alistipes_putredinis_61533,SRR413625,ERR912030,1713,1427196,244911,925997,680,391,19238,74072,656,287,225673,851925,24,104,97686,2451855,6234,8664,213093,459,2,102,0,2,282,3
Alistipes_putredinis_61533,SRR413625,ERR912162,2448,1423674,244262,923713,948,588,29988,115071,910,450,214274,808642,38,138,92797,2327186,5943,13306,331169,738,4,134,0,3,445,2
Alistipes_putredinis_61533,SRR413625,SRR413626,2467,1422710,244140,923069,950,652,34122,129773,907,497,210018,793296,43,155,90963,2283165,5760,15019,373412,888,3,151,1,2,492,3
Alistipes_putredinis_61533,SRR413626,ERR912030,1754,1427341,244899,926121,677,476,22964,85854,635,351,221935,840267,42,125,96632,2418049,6120,9672,247329,561,1,123,1,0,349,2
Alistipes_putredinis_61533,SRR413626,ERR912162,2557,1423262,244190,923435,986,668,36794,139085,938,523,207396,784350,48,145,90079,2257274,5697,15925,400352,978,1,143,1,1,519,3
Alistipes_putredinis_61533,SRR413629,ERR911954,661,1444728,247987,937355,254,190,8367,31544,242,133,239620,905811,12,57,104005,2606843,6585,3568,90845,219,1,55,1,0,133,0
Alistipes_putredinis_61533,SRR413629,ERR911956,2489,1441604,247414,935341,998,576,30359,115713,977,480,217055,819628,21,96,93892,2358944,6048,13451,332968,720,0,96,0,3,476,1
Alistipes_putredinis_61533,SRR413629,ERR911960,2576,1438048,246822,933037,1009,640,35674,135478,988,505,211148,797559,21,135,91590,2295216,5871,15483,390081,870,1,133,1,0,502,3
Alistipes_putredinis_61533,SRR413629,ERR911963,2833,1438232,246859,933167,1131,690,38817,146587,1102,541,208042,786580,29,149,90519,2263506,5715,16615,422135,1011,2,147,0,0,537,4
Alistipes_putredinis_61533,SRR413629,ERR911966,2204,1427142,244954,925982,871,518,26131,99485,838,398,218823,826497,33,120,94759,2378618,6114,11522,286339,594,2,117,1,0,396,2
Alistipes_putredinis_61533,SRR413629,ERR911970,2565,1435314,246324,931244,988,606,26151,97985,965,493,220173,833259,23,113,95773,2397881,6123,11187,282144,624,0,113,0,1,492,0
Alistipes_putredinis_61533,SRR413629,ERR911988,2411,1437541,246675,932728,929,616,34880,132016,899,468,211795,800712,30,148,91938,2304324,5874,15116,380068,864,1,146,1,0,464,4
Alistipes_putredinis_61533,SRR413629,ERR911995,2137,1434325,246097,930650,859,523,33838,127873,841,434,212259,802777,18,89,92434,2309936,5961,14426,368416,777,2,87,0,0,432,2
Alistipes_putredinis_61533,SRR413629,ERR911999,1413,1442913,247620,936226,558,315,14734,55298,545,225,232886,880928,13,90,101170,2535140,6474,6317,159253,324,1,89,0,0,225,0
Alistipes_putredinis_61533,SRR413629,ERR912000,1154,1444235,247853,937042,457,270,11309,42393,451,199,236544,894649,6,71,102709,2574707,6531,4812,122103,264,1,70,0,0,199,0
Alistipes_putredinis_61533,SRR413629,ERR912007,1791,1427004,244773,925785,714,418,22703,85261,703,333,222070,840524,11,85,96398,2419009,6165,9858,245352,573,2,83,0,1,332,0
Alistipes_putredinis_61533,SRR413629,ERR912009,2637,1435296,246410,931219,1073,619,34802,131733,1045,537,211608,799486,28,82,91684,2300912,5862,15279,379023,897,0,82,0,3,533,1
Alistipes_putredinis_61533,SRR413629,ERR912013,2022,1442601,247541,936017,761,548,24278,91798,737,392,223263,844219,24,156,96871,2429564,6222,10608,264210,576,1,154,1,1,391,0
Alistipes_putredinis_61533,SRR413629,ERR912033,1693,1442246,247522,935738,657,405,18846,70310,631,306,228676,865428,26,99,99492,2490447,6345,7912,202583,435,0,98,1,1,305,0
Alistipes_putredinis_61533,SRR413629,ERR912041,3039,1421346,243778,922158,1208,760,42151,160152,1176,615,201627,762006,32,145,87355,2193128,5535,18540,460752,1164,2,142,1,1,611,3
Alistipes_putredinis_61533,SRR413629,ERR912048,1324,1436831,246533,932173,504,320,13329,49722,486,244,233204,882451,18,76,101340,2539554,6459,5643,143229,294,1,75,0,0,244,0
Alistipes_putredinis_61533,SRR413629,ERR912063,2938,1439228,246959,933840,1154,727,43758,165546,1122,588,203201,768294,32,139,88371,2210862,5649,18829,476726,1083,0,137,2,0,585,3
Alistipes_putredinis_61533,SRR413629,ERR912064,2700,1435964,246432,931652,1067,640,35538,134830,1044,504,210894,796822,23,136,91463,2293204,5799,15507,388026,957,1,134,1,1,500,3
Alistipes_putredinis_61533,SRR413629,ERR912071,2662,1440957,247307,934952,1003,709,37078,140253,982,546,210229,794699,21,163,91220,2287078,5799,16127,403684,948,2,160,1,2,541,3
Alistipes_putredinis_61533,SRR413629,ERR912072,1782,1442942,247626,936234,706,408,21216,79881,689,326,226410,856353,17,82,98304,2464479,6276,9168,229995,480,1,80,1,1,325,0
Alistipes_putredinis_61533,SRR413629,ERR912086,2466,1440193,247182,934454,948,636,34281,129914,927,477,212901,804540,21,159,92321,2315419,5880,14955,373911,876,2,156,1,0,474,3
Alistipes_putredinis_61533,SRR413629,ERR912096,972,1443164,247647,936384,352,277,9728,36382,340,195,237919,900002,12,82,103342,2590115,6549,4159,104759,228,2,79,1,3,192,0
Alistipes_putredinis_61533,SRR413629,ERR912100,1412,1445052,247985,937591,546,324,15213,57100,533,231,232772,880491,13,93,101021,2534053,6399,6581,164329,390,0,93,0,0,230,1
Alistipes_putredinis_61533,SRR413629,ERR912103,1444,1442689,247573,936070,540,372,16951,64459,519,278,230622,871611,21,94,100047,2508471,6315,7430,185497,450,0,94,0,0,277,1
Alistipes_putredinis_61533,SRR413629,ERR912111,2070,1440743,247251,934779,817,512,24178,91904,810,444,223073,842875,7,68,96897,2425572,6156,10413,264663,636,1,67,0,1,441,2
Alistipes_putredinis_61533,SRR413629,ERR912124,233,1445848,248140,938096,92,58,2080,8092,82,29,246060,930004,10,29,106696,2676548,6768,956,23284,36,1,27,1,0,29,0
Alistipes_putredinis_61533,SRR413629,ERR912144,2986,1437070,246612,932405,1140,755,43710,165184,1112,602,202902,767221,28,153,88325,2207683,5655,18721,475745,1086,3,149,1,2,597,3
Alistipes_putredinis_61533,SRR413629,ERR912152,2856,1436490,246578,932054,1107,742,38025,143950,1073,548,208553,788104,34,194,90574,2267948,5790,16453,414446,951,2,190,2,0,545,3
Alistipes_putredinis_61533,SRR413629,ERR912159,2847,1435760,246410,931563,1097,757,41486,155607,1072,584,204924,775956,25,173,89278,2232905,5685,17678,448087,1056,2,170,1,0,580,4
Alistipes_putredinis_61533,SRR413629,ERR912175,3058,1436915,246619,932332,1200,763,49124,186263,1171,605,197495,746069,29,158,85813,2146901,5493,21230,536323,1236,3,154,1,0,602,3
Alistipes_putredinis_61533,SRR413629,SRR413653,413,1445269,248008,937722,166,104,4943,18506,148,66,243065,919216,18,38,105499,2645510,6639,2152,53240,126,2,35,1,0,66,0
Alistipes_putredinis_61533,SRR413629,mickey3-11-30-0_,2634,1435757,246321,931500,1048,668,36128,137524,1023,533,210193,793976,25,135,91287,2284797,5844,15738,395937,897,1,133,1,0,529,4
Alistipes_putredinis_61533,SRR413653,ERR911954,934,1442737,247644,936044,369,255,12296,45923,353,192,235348,890121,16,63,102211,2561726,6426,5241,132192,336,1,62,0,0,192,0
Alistipes_putredinis_61533,SRR413653,ERR911956,2777,1439643,247089,934056,1107,650,33992,129135,1080,539,213097,804921,27,111,92201,2316661,5901,15020,371560,825,2,108,1,3,535,1
Alistipes_putredinis_61533,SRR413653,ERR911960,2852,1436257,246526,931866,1128,710,38818,147030,1091,549,207708,784836,37,161,90084,2258655,5769,16880,423271,939,3,157,1,0,545,4
Alistipes_putredinis_61533,SRR413653,ERR911963,3148,1436467,246566,932010,1252,776,44942,169838,1212,617,201624,762172,40,159,87650,2193337,5529,19380,488976,1158,3,156,0,1,611,5
Alistipes_putredinis_61533,SRR413653,ERR911966,2433,1425214,244634,924716,948,584,28752,108955,905,443,215882,815761,43,141,93576,2347704,6003,12582,313620,663,3,136,2,1,440,2
Alistipes_putredinis_61533,SRR413653,ERR911970,2842,1433396,246001,929994,1098,668,32007,120165,1065,538,213994,809829,33,130,93010,2330519,5958,13832,345907,756,2,127,1,1,537,0
Alistipes_putredinis_61533,SRR413653,ERR911988,2722,1435673,246361,931509,1049,699,38883,147284,1008,536,207478,784225,41,163,89983,2256968,5724,16960,423914,978,3,159,1,0,531,5
Alistipes_putredinis_61533,SRR413653,ERR911995,2474,1432316,245762,929333,990,609,36721,138536,947,491,209041,790797,43,118,91023,2275497,5871,15715,399071,822,4,113,1,0,489,2
Alistipes_putredinis_61533,SRR413653,ERR911999,1601,1440932,247293,934935,623,377,19102,71244,599,270,228191,863691,24,107,99202,2485574,6297,8162,205105,465,3,103,1,0,270,0
Alistipes_putredinis_61533,SRR413653,ERR912000,1486,1442228,247513,935734,585,355,16489,61688,568,266,231024,874046,17,89,100318,2515475,6345,7083,177567,414,3,85,1,0,266,0
Alistipes_putredinis_61533,SRR413653,ERR912007,2083,1425120,244471,924544,826,495,26412,98623,803,391,218059,825921,23,104,94727,2377006,6030,11410,283793,666,4,99,1,1,390,0
Alistipes_putredinis_61533,SRR413653,ERR912009,2930,1433355,246097,929932,1183,696,38102,144351,1140,589,207995,785581,43,107,90000,2261016,5727,16836,415224,993,1,105,1,4,584,1
Alistipes_putredinis_61533,SRR413653,ERR912013,2198,1440732,247228,934794,817,608,28525,107523,790,446,218703,827271,27,162,94918,2380832,6063,12444,309426,699,3,157,2,1,445,0
Alistipes_putredinis_61533,SRR413653,ERR912033,2019,1440307,247199,934471,785,490,24065,89965,745,367,223134,844506,40,123,97056,2430303,6159,10229,259087,579,2,119,2,1,366,0
Alistipes_putredinis_61533,SRR413653,ERR912041,3307,1419488,243474,920937,1299,836,45545,173127,1254,674,197929,747810,45,162,85695,2152305,5430,20084,498067,1230,4,157,1,1,669,4
Alistipes_putredinis_61533,SRR413653,ERR912048,1653,1434865,246203,930888,632,404,18048,67368,601,298,228155,863520,31,106,99107,2485180,6273,7756,193910,438,3,102,1,0,298,0
Alistipes_putredinis_61533,SRR413653,ERR912064,3016,1434060,246118,930405,1192,725,40266,152734,1153,574,205852,777671,39,151,89240,2238100,5673,17614,439547,1041,3,147,1,1,569,4
Alistipes_putredinis_61533,SRR413653,ERR912071,2980,1439087,247000,933729,1129,794,44527,168971,1097,618,202473,764758,32,176,87697,2201027,5550,19532,486226,1155,1,174,1,5,609,4
Alistipes_putredinis_61533,SRR413653,ERR912072,2105,1440954,247295,934930,831,490,24869,93459,800,366,222426,841471,31,124,96516,2421747,6150,10839,268974,564,3,119,2,1,365,0
Alistipes_putredinis_61533,SRR413653,ERR912086,2778,1438224,246858,933168,1073,716,39932,151394,1035,547,206926,781774,38,169,89680,2249951,5691,17475,435681,1026,2,166,1,2,541,4
Alistipes_putredinis_61533,SRR413653,ERR912096,1256,1441211,247314,935096,472,342,14026,52259,458,253,233288,882837,14,89,101373,2540754,6384,6006,150420,351,2,87,0,3,250,0
Alistipes_putredinis_61533,SRR413653,ERR912100,1741,1443228,247674,936398,674,405,20022,75091,648,289,227652,861307,26,116,98780,2478907,6234,8715,216045,513,2,113,1,0,288,1
Alistipes_putredinis_61533,SRR413653,ERR912103,1774,1440728,247243,934783,668,457,21848,82957,641,344,225395,851826,27,113,97694,2451646,6138,9665,238621,585,2,110,1,0,343,1
Alistipes_putredinis_61533,SRR413653,ERR912111,2391,1438770,246921,933491,943,593,30770,116422,931,491,216151,817069,12,102,93827,2351419,5961,13366,335105,795,3,98,1,1,488,2
Alistipes_putredinis_61533,SRR413653,ERR912124,515,1443852,247786,936787,212,124,7227,27241,204,88,240559,909546,8,36,104345,2617705,6588,3182,78367,174,1,35,0,0,88,0
Alistipes_putredinis_61533,SRR413653,ERR912152,3113,1434859,246308,930981,1218,801,41548,157203,1183,606,204760,773778,35,195,88967,2226661,5706,17962,452645,1002,2,191,2,2,602,2
Alistipes_putredinis_61533,SRR413653,ERR912159,3109,1433874,246094,930331,1196,829,48916,184735,1175,663,197178,745596,21,166,85843,2145446,5499,20997,532005,1203,2,163,1,2,656,5
Alistipes_putredinis_61533,SRR413653,mickey3-11-30-0_,2932,1433982,246020,930345,1170,745,42169,159994,1144,608,203851,770351,26,137,88619,2216779,5655,18298,460640,1044,2,134,1,1,602,5
