species_name,sample 1,sample 2,core_diff,core_len,core_len_4D,core_len_1D,core_diff_4D,core_diff_1D,recomb_len_4D,recomb_len_1D,recomb_diff_4D,recomb_diff_1D,clonal_len_4D,clonal_len_1D,clonal_diff_4D,clonal_diff_1D,clonal_n,clonal_m,clonal_nn,recomb_n,recomb_m,recomb_nn,clonal_mut_n,clonal_mut_m,clonal_mut_nn,recomb_mut_n,recomb_mut_m,recomb_mut_nn
Bacteroides_uniformis_57318,1089279-24-0-0_,donald3-11-0-0_,876,1073428,160278,699839,333,223,19341,81970,318,177,140937,617869,15,46,82640,1767442,3525,10398,235023,489,1,45,0,4,173,0
Bacteroides_uniformis_57318,700013603,SRR413592,719,834881,124296,544468,272,175,15097,66610,257,128,109199,477858,15,47,63613,1366985,2976,8964,190464,402,0,47,0,1,127,0
Bacteroides_uniformis_57318,700014724,1089279-24-0-0_,1147,978167,145937,637498,438,293,29640,127229,431,251,116297,510269,7,42,68466,1459353,2988,16561,364316,810,1,41,0,3,248,0
Bacteroides_uniformis_57318,700014724,700015857,833,964190,143392,628314,318,216,11392,49719,301,147,132000,578595,17,69,77448,1654932,3405,6693,142158,306,3,66,0,0,147,0
Bacteroides_uniformis_57318,700014724,700021123,1075,963931,143376,628241,440,264,22003,95286,423,211,121373,532955,17,53,71207,1524469,3189,12758,272497,603,0,53,0,1,210,0
Bacteroides_uniformis_57318,700014724,700021306,652,958340,142794,624525,253,168,11435,49666,239,131,131359,574859,14,37,76776,1644324,3477,6669,142014,315,1,36,0,0,131,0
Bacteroides_uniformis_57318,700014724,700023634,708,965450,143969,629183,275,174,15013,65797,266,135,128956,563386,9,39,75057,1611708,3393,8972,188026,393,0,39,0,0,135,0
Bacteroides_uniformis_57318,700014724,700024024,825,950800,140943,619682,314,210,14153,61810,300,167,126790,557872,14,43,74972,1595287,3357,8255,176761,414,2,41,0,0,167,0
Bacteroides_uniformis_57318,700014724,700033201,630,984375,146838,641561,252,161,11871,51357,242,117,134967,590204,10,44,78638,1688449,3525,6880,146876,315,1,43,0,0,117,0
Bacteroides_uniformis_57318,700014724,700098429,1116,935846,139322,609887,455,270,23849,103841,437,218,115473,506046,18,52,67698,1447371,3069,13830,297045,648,0,52,0,1,217,0
Bacteroides_uniformis_57318,700014724,700117239,1177,950819,141521,619680,453,303,23657,101125,427,254,117864,518555,26,49,69650,1482952,3063,13118,289561,696,1,48,0,2,252,0
Bacteroides_uniformis_57318,700014724,700163982,1214,950810,141480,619585,473,309,24450,104922,447,260,117030,514663,26,49,69083,1471894,3012,13707,300339,720,1,48,0,2,258,0
Bacteroides_uniformis_57318,700014724,ERR911966,656,943815,140540,615104,222,207,12590,54194,203,133,127950,560910,19,74,75014,1604428,3288,7174,154988,420,2,72,0,1,132,0
Bacteroides_uniformis_57318,700014724,ERR911977,1174,941673,140561,613788,445,307,23907,102015,421,251,116654,511773,24,56,68600,1463677,3042,13236,292137,672,1,55,0,2,249,0
Bacteroides_uniformis_57318,700014724,ERR911981,697,952930,142119,621063,265,190,12607,54980,253,134,129512,566083,12,56,75568,1619288,3393,7399,157199,342,4,52,0,0,134,0
Bacteroides_uniformis_57318,700014724,ERR911994,691,952356,142044,620768,268,182,11222,48481,250,138,130822,572287,18,44,76281,1637160,3420,6514,138614,315,0,44,0,1,137,0
Bacteroides_uniformis_57318,700014724,ERR912030,701,949601,141610,618951,278,182,10536,45736,259,134,131074,573215,19,48,76434,1639770,3441,6207,130698,303,0,48,0,0,134,0
Bacteroides_uniformis_57318,700014724,ERR912041,720,940891,140265,613195,285,175,11481,50155,269,137,128784,563040,16,38,74962,1610807,3351,6937,143189,339,0,38,0,0,137,0
Bacteroides_uniformis_57318,700014724,ERR912046,331,951087,141781,619857,117,100,3966,17107,102,75,137815,602750,15,25,80584,1724030,3636,2276,48904,141,1,24,0,0,75,0
Bacteroides_uniformis_57318,700014724,ERR912084,636,953024,141976,621186,252,166,10994,47974,239,121,130982,573212,13,45,76484,1639693,3459,6530,137095,297,0,45,0,0,121,0
Bacteroides_uniformis_57318,700014724,ERR912110,329,954969,142390,622443,116,97,3936,16996,101,70,138454,605447,15,27,80810,1731907,3624,2249,48601,138,0,27,0,0,70,0
Bacteroides_uniformis_57318,700014724,ERR912122,1126,948905,141484,618527,455,274,22577,97620,439,226,118907,520907,16,48,69619,1489967,3135,12996,279261,603,1,47,0,1,225,0
Bacteroides_uniformis_57318,700014724,SRR413627,264,953445,142185,621464,86,80,3315,14390,75,50,138870,607074,11,30,80938,1736651,3633,1830,41217,123,0,30,0,0,50,0
Bacteroides_uniformis_57318,700014724,donald3-11-0-0_,658,982615,146506,640374,260,172,9545,41430,243,121,136961,598944,17,51,79778,1713508,3546,5662,118343,285,1,50,0,0,121,0
Bacteroides_uniformis_57318,700015702,700024866,262,1356631,203751,884551,105,68,8060,34313,94,38,195691,850238,11,30,112278,2433777,4659,4334,98464,141,2,28,0,0,38,0
Bacteroides_uniformis_57318,700015702,700105153,29,1337082,200608,871771,4,23,100,409,2,0,200508,871362,2,23,114831,2494512,4743,50,1177,0,2,21,0,0,0,0
Bacteroides_uniformis_57318,700015702,700113762,44,1382294,207794,901369,11,24,1337,5461,4,3,206457,895908,7,21,117948,2564961,4815,644,15706,33,2,19,0,0,3,0
Bacteroides_uniformis_57318,700015702,700117766,70,1380892,207410,900470,12,47,1337,5470,4,4,206073,895000,8,43,117947,2562214,4839,645,15732,33,3,40,0,0,4,0
Bacteroides_uniformis_57318,700015702,ERR912038,50,1385269,208115,903287,12,34,1347,5509,4,3,206768,897778,8,31,118231,2570255,4848,651,15843,33,3,28,0,0,3,0
Bacteroides_uniformis_57318,700015702,ERR912067,232,1363391,204690,888925,77,75,2791,12243,57,29,201899,876682,20,46,115553,2509762,4731,1558,35099,72,3,43,0,0,29,0
Bacteroides_uniformis_57318,700015702,ERR912165,94,1378895,207041,899127,30,44,2699,11674,22,15,204342,887453,8,29,116960,2540590,4809,1481,33496,45,2,27,0,0,15,0
Bacteroides_uniformis_57318,700015702,ERR912175,53,1371855,205950,894526,15,32,1337,5475,4,3,204613,889051,11,29,117220,2545127,4806,647,15745,33,4,25,0,0,3,0
Bacteroides_uniformis_57318,700015857,1089279-24-0-0_,1006,990914,147486,645890,366,245,22215,95412,361,203,125271,550478,5,42,74032,1574312,3090,12311,273271,654,1,41,0,4,199,0
Bacteroides_uniformis_57318,700015857,700021123,836,968977,143893,631629,308,214,13664,59539,300,144,130229,572090,8,70,76455,1636461,3354,8040,170232,345,3,67,0,1,143,0
Bacteroides_uniformis_57318,700015857,700021306,398,953142,141788,621126,127,113,5094,22147,121,65,136694,598979,6,48,80181,1713225,3531,2979,63318,144,4,44,0,0,65,0
Bacteroides_uniformis_57318,700015857,700023634,491,961624,143051,626702,160,130,6453,28219,152,77,136598,598483,8,53,80118,1711821,3510,3868,80630,159,3,50,0,0,77,0
Bacteroides_uniformis_57318,700015857,700033201,442,980128,145955,638832,142,119,5016,21655,133,68,140939,617177,9,51,82483,1765460,3588,2848,61985,132,4,47,0,0,68,0
Bacteroides_uniformis_57318,700015857,700098429,871,947066,140773,617244,322,223,14964,65149,312,170,125809,552095,10,53,73974,1579044,3267,8705,186343,399,3,50,0,1,169,0
Bacteroides_uniformis_57318,700015857,700117239,1022,958733,142372,624960,377,250,19456,84009,365,213,122916,540951,12,37,72706,1547039,3108,10840,240632,555,1,36,0,3,210,0
Bacteroides_uniformis_57318,700015857,700163982,1053,958824,142296,624856,393,258,19144,82897,377,215,123152,541959,16,43,72904,1549877,3096,10759,237371,561,1,42,0,3,212,0
Bacteroides_uniformis_57318,700015857,ERR911966,1159,949982,141198,619139,428,308,21558,93034,408,223,119640,526105,20,85,70670,1504639,3006,12273,266199,630,3,82,0,3,220,0
Bacteroides_uniformis_57318,700015857,ERR911977,1019,953070,141978,621288,369,256,19913,85555,359,207,122065,535733,10,49,71989,1532123,3087,11064,245019,582,1,48,0,3,204,0
Bacteroides_uniformis_57318,700015857,ERR911981,460,967606,144072,630690,140,138,5791,25216,131,74,138281,605474,9,64,81106,1731797,3519,3304,72170,174,7,57,0,0,74,0
Bacteroides_uniformis_57318,700015857,ERR911994,438,963448,143470,627962,145,125,5611,24469,136,74,137859,603493,9,51,80695,1726268,3516,3285,69957,165,4,47,0,0,74,0
Bacteroides_uniformis_57318,700015857,ERR912030,453,961357,143090,626603,150,130,5699,24802,143,73,137391,601801,7,57,80585,1721311,3507,3315,70923,168,3,54,0,0,73,0
Bacteroides_uniformis_57318,700015857,ERR912041,458,954592,142081,622148,150,118,5639,24538,137,70,136442,597610,13,48,79937,1709380,3513,3338,70111,165,3,45,0,0,70,0
Bacteroides_uniformis_57318,700015857,ERR912046,789,955351,142109,622638,310,192,14280,61878,300,137,127829,560760,10,55,75262,1603736,3282,8207,177007,420,4,51,0,0,137,0
Bacteroides_uniformis_57318,700015857,ERR912084,444,967852,143957,630808,146,122,5094,22063,137,74,138863,608745,9,48,81571,1741100,3564,2899,63140,150,3,45,0,0,74,0
Bacteroides_uniformis_57318,700015857,ERR912110,784,958447,142636,624712,305,191,14173,61567,292,134,128463,563145,13,57,75413,1610734,3288,8187,176106,408,3,54,0,0,134,0
Bacteroides_uniformis_57318,700015857,ERR912122,883,960512,142954,626118,324,227,15132,65717,316,168,127822,560401,8,59,75104,1602811,3288,8737,188018,396,4,55,0,1,167,0
Bacteroides_uniformis_57318,700015857,SRR413627,850,957069,142464,623766,322,218,12054,52038,300,142,130410,571728,22,76,76399,1635458,3327,6896,148894,324,3,73,0,0,142,0
Bacteroides_uniformis_57318,700015857,donald3-11-0-0_,417,997278,148331,649970,132,124,5831,25434,127,71,142500,624536,5,53,83525,1786477,3606,3375,72759,168,4,49,0,0,71,0
Bacteroides_uniformis_57318,700015981,700033435,1058,933452,137604,608285,390,255,13999,59927,373,182,123605,548358,17,73,74169,1567608,3297,7828,171530,423,0,73,0,0,182,0
Bacteroides_uniformis_57318,700015981,700038761,706,940583,138709,612978,257,158,10447,45079,248,105,128262,567899,9,53,76769,1623511,3417,5886,129051,300,0,53,0,0,105,0
Bacteroides_uniformis_57318,700015981,700106056,267,942961,139114,614499,99,66,4921,20822,94,39,134193,593677,5,27,80326,1697120,3585,2634,59667,165,1,26,0,0,39,0
Bacteroides_uniformis_57318,700015981,ERR912024,917,919031,135577,599070,323,213,15029,65243,304,154,120548,533827,19,59,72109,1526141,3231,8573,186727,429,0,59,0,0,154,0
Bacteroides_uniformis_57318,700015981,ERR912042,943,917825,135462,598222,331,228,16765,73248,313,167,118697,524974,18,61,70756,1501037,3129,9736,209492,516,0,61,0,0,167,0
Bacteroides_uniformis_57318,700015981,ERR912071,895,910502,134355,593525,332,219,12732,54988,316,160,121623,538537,16,59,72705,1539633,3273,7227,157398,339,2,57,0,1,159,0
Bacteroides_uniformis_57318,700015981,ERR912077,794,919748,135617,599506,270,174,12921,56156,254,118,122696,543350,16,56,73455,1553301,3294,7266,160848,354,2,53,1,0,118,0
Bacteroides_uniformis_57318,700015981,SRR341624,807,793082,116097,516157,240,220,19794,87797,232,178,96303,428360,8,42,59172,1223088,2820,11853,250935,603,1,41,0,1,177,0
Bacteroides_uniformis_57318,700015981,SRR413615,859,925663,136472,603363,301,192,11361,48810,283,133,125111,554553,18,59,74864,1585486,3309,6304,139805,321,0,59,0,1,132,0
Bacteroides_uniformis_57318,700015981,SRR413663,573,908838,134182,592464,196,137,7797,33330,175,81,126385,559134,21,56,75398,1598641,3363,4237,95543,210,0,56,0,0,81,0
Bacteroides_uniformis_57318,700016142,700024866,269,1346566,202150,878034,106,68,7441,31743,92,35,194709,846291,14,33,111570,2422614,4689,3983,91114,132,3,30,0,0,35,0
Bacteroides_uniformis_57318,700016142,700113762,50,1373249,206325,895515,11,24,1327,5444,4,2,204998,890071,7,22,116967,2548386,4860,641,15658,33,3,19,0,0,2,0
Bacteroides_uniformis_57318,700016142,700117766,75,1371220,205928,894237,13,46,1317,5406,4,3,204611,888831,9,43,116858,2544757,4878,634,15551,33,4,39,0,0,3,0
Bacteroides_uniformis_57318,700016142,ERR912038,58,1381430,207532,900901,13,35,1327,5441,4,2,206205,895460,9,33,117626,2563846,4908,640,15650,33,4,29,0,0,2,0
Bacteroides_uniformis_57318,700016142,ERR912067,240,1358838,204001,886057,78,76,2910,12751,59,29,201091,873306,19,47,114834,2500302,4782,1617,36558,78,4,43,0,0,29,0
Bacteroides_uniformis_57318,700016142,ERR912165,103,1374937,206416,896652,31,46,2679,11611,22,13,203737,885041,9,33,116343,2533908,4872,1478,33310,45,3,30,0,0,13,0
Bacteroides_uniformis_57318,700016142,ERR912175,62,1367547,205290,891859,16,34,1327,5441,4,2,203963,886418,12,32,116572,2537825,4857,641,15649,33,5,27,0,0,2,0
Bacteroides_uniformis_57318,700016456,700116865,48,966514,143894,629867,14,19,568,2334,11,2,143326,627533,3,17,83959,1794851,3789,291,6699,12,0,16,1,0,2,0
Bacteroides_uniformis_57318,700016716,700024866,262,1348051,202378,878986,106,64,7456,31768,92,36,194922,847218,14,28,111795,2425161,4698,3990,91182,132,2,26,0,0,36,0
Bacteroides_uniformis_57318,700016716,700113762,44,1375138,206649,896703,11,21,1337,5469,4,2,205312,891234,7,19,117247,2551604,4851,649,15725,33,2,17,0,0,2,0
Bacteroides_uniformis_57318,700016716,700117766,70,1372154,206040,894806,13,43,1327,5431,4,3,204713,889375,9,40,117091,2546174,4860,643,15617,33,3,37,0,0,3,0
Bacteroides_uniformis_57318,700016716,ERR912038,49,1377068,206811,897999,13,29,1337,5470,4,2,205474,892529,9,27,117456,2555247,4884,649,15728,33,3,24,0,0,2,0
Bacteroides_uniformis_57318,700016716,ERR912067,233,1354989,203355,883490,79,70,2830,12348,56,27,200525,871142,23,43,114797,2493871,4758,1555,35408,81,3,40,0,0,27,0
Bacteroides_uniformis_57318,700016716,ERR912165,95,1370618,205707,893797,31,41,2689,11646,22,15,203018,882151,9,26,116193,2525418,4842,1481,33412,45,2,24,0,0,15,0
Bacteroides_uniformis_57318,700016716,ERR912175,54,1363436,204586,889095,16,29,1327,5418,4,1,203259,883677,12,28,116452,2529740,4839,641,15580,33,4,24,0,0,1,0
Bacteroides_uniformis_57318,700021123,1089279-24-0-0_,1240,996933,148500,649913,474,312,26699,115040,460,250,121801,534873,14,62,71596,1529939,3084,14917,329465,738,1,61,0,4,246,0
Bacteroides_uniformis_57318,700021123,700021306,507,955970,142344,623125,192,147,10891,47275,182,87,131453,575850,10,60,76883,1647130,3537,6251,135319,255,1,59,0,1,86,0
Bacteroides_uniformis_57318,700021123,700023634,600,967177,144005,630395,232,167,12624,55316,219,114,131381,575079,13,53,76729,1645022,3486,7448,158197,303,0,53,0,1,113,0
Bacteroides_uniformis_57318,700021123,700024024,833,952907,141062,621140,309,211,15104,65931,298,157,125958,555209,11,54,74507,1587775,3345,8824,188546,423,2,52,0,1,156,0
Bacteroides_uniformis_57318,700021123,700033201,638,985247,146799,642390,241,175,11384,49454,231,127,135415,592936,10,48,78914,1696354,3540,6604,141470,288,1,47,0,1,126,0
Bacteroides_uniformis_57318,700021123,700117239,1337,979394,145517,638523,518,334,25452,110072,510,270,120065,528451,8,64,70758,1511514,3081,14319,315174,723,1,63,0,3,267,0
Bacteroides_uniformis_57318,700021123,700163982,1378,974738,144772,635364,540,339,27826,120272,531,280,116946,515092,9,59,69097,1473185,2994,15607,344423,786,1,58,0,3,277,0
Bacteroides_uniformis_57318,700021123,ERR911966,1310,959268,142605,625399,530,326,25149,109741,509,248,117456,515658,21,78,68638,1475294,3042,14777,313738,708,1,77,0,3,245,0
Bacteroides_uniformis_57318,700021123,ERR911977,1282,963624,143586,628258,486,330,25646,110753,471,265,117940,517505,15,65,69251,1480198,3066,14335,317228,696,1,64,0,3,262,0
Bacteroides_uniformis_57318,700021123,ERR911981,709,977617,145613,637354,254,215,13451,58441,244,151,132162,578913,10,64,77177,1656118,3444,7773,167199,351,4,60,0,1,150,0
Bacteroides_uniformis_57318,700021123,ERR911994,569,976809,145435,636911,220,168,10657,46458,206,107,134778,590453,14,61,78565,1689260,3534,6235,132872,267,0,61,0,2,105,0
Bacteroides_uniformis_57318,700021123,ERR912030,584,974656,145097,635453,229,170,10706,46574,217,102,134391,588879,12,68,78512,1684597,3528,6216,133233,273,0,68,0,1,101,0
Bacteroides_uniformis_57318,700021123,ERR912041,694,964651,143583,628895,268,197,11768,51166,254,146,131815,577729,14,51,76908,1652814,3465,6942,146253,303,0,51,0,1,145,0
Bacteroides_uniformis_57318,700021123,ERR912046,1044,965766,143712,629623,455,241,21943,94833,439,195,121769,534790,16,46,71424,1529733,3213,12580,271331,588,1,45,0,1,194,0
Bacteroides_uniformis_57318,700021123,ERR912084,663,977633,145447,637357,253,183,9938,42599,242,111,135509,594758,11,72,79297,1701404,3573,5656,121898,243,0,72,0,1,110,0
Bacteroides_uniformis_57318,700021123,ERR912110,1037,968516,144158,631436,444,242,22349,97781,421,189,121809,533655,23,53,70895,1526884,3186,13226,279508,609,0,53,0,1,188,0
Bacteroides_uniformis_57318,700021123,SRR413627,1119,963569,143459,628201,463,279,27477,119557,445,225,115982,508644,18,54,67650,1455291,2991,15883,342038,750,0,54,0,1,224,0
Bacteroides_uniformis_57318,700021123,donald3-11-0-0_,546,1005053,149557,655260,214,160,9988,43414,203,101,139569,611846,11,59,81431,1750480,3627,5789,124207,246,1,58,0,1,100,0
Bacteroides_uniformis_57318,700021261,700023720,364,990314,147514,645739,126,103,7886,33999,117,70,139628,611740,9,33,81556,1749977,3687,4427,97384,186,0,33,0,1,69,0
Bacteroides_uniformis_57318,700021261,700024711,302,1013888,151345,661031,114,83,3839,16910,102,46,147506,644121,12,37,85689,1842840,3834,2234,48400,96,0,37,0,1,45,0
Bacteroides_uniformis_57318,700021295,1089275-24-0-0_,254,993442,148548,647847,85,86,1996,8421,67,39,146552,639426,18,47,85001,1829491,3786,1119,24087,57,0,47,0,0,39,0
Bacteroides_uniformis_57318,700021295,700034926,1072,922625,137353,601435,402,282,15262,67776,355,186,122091,533659,47,96,71204,1526485,3288,9445,193526,357,0,96,0,1,185,0
Bacteroides_uniformis_57318,700021295,700113810,203,972278,145299,634090,86,55,918,3459,71,20,144381,630631,15,35,83842,1804304,3747,390,9984,3,0,35,0,0,20,0
Bacteroides_uniformis_57318,700021295,ERR912036,232,966562,144391,630230,88,81,7310,31823,72,41,137081,598407,16,40,79706,1711927,3588,4194,91071,204,2,38,0,0,41,0
Bacteroides_uniformis_57318,700021295,ERR912139,248,960044,143309,626008,89,93,8302,36236,77,40,135007,589772,12,53,78598,1687187,3531,4814,103651,243,1,52,0,0,40,0
Bacteroides_uniformis_57318,700021306,1089279-24-0-0_,832,965762,144061,629441,311,213,17978,76680,297,167,126083,552761,14,46,74087,1580923,3273,9823,219719,498,2,44,0,3,164,0
Bacteroides_uniformis_57318,700021306,700023634,126,959997,143227,625683,38,43,1231,5464,30,13,141996,620219,8,30,82706,1774177,3774,789,15597,6,1,29,0,0,13,0
Bacteroides_uniformis_57318,700021306,700024024,406,942019,139752,613917,133,113,5344,23428,119,74,134408,590489,14,39,79156,1688723,3588,3168,66942,174,3,36,0,0,74,0
Bacteroides_uniformis_57318,700021306,700033201,156,976555,145745,636480,45,57,1236,5186,40,30,144509,631294,5,27,84121,1805975,3786,685,14840,33,2,25,0,0,30,0
Bacteroides_uniformis_57318,700021306,700098429,520,923335,137502,601752,199,145,10571,46198,189,102,126931,555554,10,43,74193,1588980,3489,6208,132131,255,1,42,0,1,101,0
Bacteroides_uniformis_57318,700021306,700117239,920,939402,139888,612295,352,234,16224,69616,336,195,123664,542679,16,39,72650,1552126,3261,9021,199347,480,2,37,0,2,193,0
Bacteroides_uniformis_57318,700021306,700163982,964,939952,139869,612582,379,239,20353,86824,364,202,119516,525758,15,37,70645,1503503,3126,11133,248751,588,1,36,0,3,199,0
Bacteroides_uniformis_57318,700021306,ERR911966,977,923830,137616,602049,365,263,17783,76732,345,179,119833,525317,20,84,70010,1502779,3162,10402,219269,525,3,81,0,1,178,0
Bacteroides_uniformis_57318,700021306,ERR911977,852,928078,138520,604953,317,225,15464,65920,302,171,123056,539033,15,54,72224,1541599,3276,8402,188926,432,2,52,0,2,169,0
Bacteroides_uniformis_57318,700021306,ERR911981,195,942675,140650,614425,51,80,1807,7773,43,33,138843,606652,8,47,80968,1735301,3687,1004,22267,48,5,42,0,0,33,0
Bacteroides_uniformis_57318,700021306,ERR911994,61,942041,140527,614030,13,35,110,484,6,1,140417,613546,7,34,81774,1755129,3735,60,1392,0,2,32,0,0,1,0
Bacteroides_uniformis_57318,700021306,ERR912030,75,940082,140186,612765,23,34,229,945,16,2,139957,611820,7,32,81692,1750027,3741,109,2726,0,1,31,0,0,2,0
Bacteroides_uniformis_57318,700021306,ERR912041,193,930501,138752,606495,66,66,1514,6506,55,46,137238,599989,11,20,80058,1716240,3669,883,18596,39,1,19,0,0,46,0
Bacteroides_uniformis_57318,700021306,ERR912046,562,930186,138684,606234,242,129,12549,54635,231,93,126135,551599,11,36,73535,1577890,3372,7479,156060,366,2,34,0,0,93,0
Bacteroides_uniformis_57318,700021306,ERR912084,153,942895,140549,614584,47,53,1236,5238,41,29,139313,609346,6,24,81288,1743033,3717,698,14986,30,1,23,0,0,29,0
Bacteroides_uniformis_57318,700021306,ERR912110,563,932630,139086,607870,239,132,12687,55525,226,94,126399,552345,13,38,73522,1580132,3381,7580,158632,363,1,37,0,0,94,0
Bacteroides_uniformis_57318,700021306,ERR912122,535,937493,139835,611104,201,150,10744,46859,191,103,129091,564245,10,47,75312,1613940,3483,6257,134062,258,2,45,0,1,102,0
Bacteroides_uniformis_57318,700021306,SRR413627,654,929222,138570,605697,255,169,13128,57471,243,123,125442,548226,12,46,72806,1568566,3306,7852,164174,387,1,45,0,0,123,0
Bacteroides_uniformis_57318,700021306,donald3-11-0-0_,49,974508,145258,635173,12,29,369,1649,8,3,144889,633524,4,26,84399,1812354,3819,226,4706,15,2,24,0,0,3,0
Bacteroides_uniformis_57318,700021824,700116865,49,964168,143902,628433,16,20,568,2338,11,2,143334,626095,5,18,83606,1790887,3792,295,6707,12,0,17,1,0,2,0
Bacteroides_uniformis_57318,700021902,700037303,216,1037945,154901,676706,80,61,3064,13022,61,32,151837,663684,19,29,88456,1898633,3963,1671,37305,90,0,29,0,1,31,0
Bacteroides_uniformis_57318,700021902,700037916,207,1012120,150832,659982,79,55,3048,13618,68,31,147784,646364,11,24,86279,1848892,3921,1788,38973,93,0,24,0,1,30,0
Bacteroides_uniformis_57318,700021902,ERR911975,65,1015058,151386,661782,20,26,669,3014,8,6,150717,658768,12,20,87737,1884535,4032,419,8602,21,0,20,0,1,5,0
Bacteroides_uniformis_57318,700023337,700105882,2090,917712,136826,598268,822,450,30942,134220,796,368,105884,464048,26,82,62196,1327116,2832,17671,384149,840,4,78,0,1,366,1
Bacteroides_uniformis_57318,700023578,1089275-24-0-0_,254,986280,146609,642832,80,89,2208,9315,68,40,144401,633517,12,49,84874,1811876,3801,1245,26646,54,0,49,0,0,40,0
Bacteroides_uniformis_57318,700023578,700034926,1029,916286,136069,597129,376,268,16200,72259,343,180,119869,524870,33,88,70280,1501111,3219,10086,206292,399,0,88,0,2,178,0
Bacteroides_uniformis_57318,700023578,700113810,184,949934,141344,619212,73,55,898,3402,67,20,140446,615810,6,35,82488,1761249,3693,382,9821,3,0,35,0,0,20,0
Bacteroides_uniformis_57318,700023578,ERR912036,224,954551,141893,622072,81,80,7200,31724,70,41,134693,590348,11,39,79196,1688254,3594,4227,90732,213,2,37,0,0,41,0
Bacteroides_uniformis_57318,700023578,ERR912139,240,946280,140524,616789,82,92,3748,16455,68,40,136776,600334,14,52,80622,1716723,3657,2163,47106,96,1,51,0,0,40,0
Bacteroides_uniformis_57318,700023634,1089279-24-0-0_,926,974980,145533,635488,341,231,19459,83600,326,186,126074,551888,15,45,73917,1578519,3228,10849,239411,540,1,44,0,3,183,0
Bacteroides_uniformis_57318,700023634,700024024,499,949263,140779,618713,164,130,6650,29114,149,87,134129,589599,15,43,79087,1686134,3576,3982,83168,192,2,41,0,0,87,0
Bacteroides_uniformis_57318,700023634,700033201,252,980151,146387,638904,80,74,2673,11544,73,43,143714,627360,7,31,83543,1794790,3747,1590,32988,54,1,30,0,0,43,0
Bacteroides_uniformis_57318,700023634,700098429,616,938853,139799,611907,239,167,11878,52137,225,118,127921,559770,14,49,74708,1601143,3459,7076,149056,279,0,49,0,1,117,0
Bacteroides_uniformis_57318,700023634,700117239,1016,950020,141381,619200,380,252,16620,71852,355,203,124761,547348,25,49,73300,1565507,3237,9405,205659,492,1,48,0,2,201,0
Bacteroides_uniformis_57318,700023634,700163982,1055,948391,141126,618076,407,255,19395,83780,389,216,121731,534296,18,39,71606,1528123,3159,10974,239826,540,1,38,0,2,214,0
Bacteroides_uniformis_57318,700023634,ERR911966,1091,938359,139798,611507,415,280,19450,83498,390,213,120348,528009,25,67,70545,1510362,3120,11158,238778,558,1,66,0,2,211,0
Bacteroides_uniformis_57318,700023634,ERR911977,948,941797,140622,613865,351,241,18005,77265,334,190,122617,536600,17,51,71793,1534806,3201,10012,221291,492,1,50,0,2,188,0
Bacteroides_uniformis_57318,700023634,ERR911981,233,958942,143130,625028,72,75,2052,8867,56,34,141078,616161,16,41,82239,1762548,3696,1176,25374,51,4,37,0,0,34,0
Bacteroides_uniformis_57318,700023634,ERR911994,98,957244,142873,623933,34,29,1131,5047,24,11,141742,618886,10,18,82472,1770439,3747,743,14392,6,1,17,0,0,11,0
Bacteroides_uniformis_57318,700023634,ERR912030,113,955722,142599,622965,43,30,1220,5369,34,10,141379,617596,9,20,82343,1766704,3741,772,15329,6,0,20,0,0,10,0
Bacteroides_uniformis_57318,700023634,ERR912041,291,944485,140882,615583,101,86,2780,12075,88,59,138102,603508,13,27,80492,1726378,3654,1684,34493,48,0,27,0,0,59,0
Bacteroides_uniformis_57318,700023634,ERR912046,678,944782,140914,615746,290,149,14604,63550,274,110,126310,552196,16,39,73583,1579657,3348,8669,181600,381,1,38,0,0,110,0
Bacteroides_uniformis_57318,700023634,ERR912084,253,957353,142775,623987,82,73,2672,11564,74,44,140103,612423,8,29,81711,1751865,3693,1600,33047,45,0,29,0,0,44,0
Bacteroides_uniformis_57318,700023634,ERR912110,671,947583,141388,617599,281,151,13712,59068,265,113,127676,558531,16,38,74547,1597674,3372,7861,168989,354,0,38,0,0,113,0
Bacteroides_uniformis_57318,700023634,ERR912122,633,951899,141990,620520,243,170,10813,47077,231,105,131177,573443,12,65,76460,1640374,3495,6358,134627,246,1,64,0,1,104,0
Bacteroides_uniformis_57318,700023634,SRR413627,725,942513,140608,614321,286,179,13604,59212,270,133,127004,555109,16,46,73906,1588088,3333,7926,169356,354,0,46,0,0,133,0
Bacteroides_uniformis_57318,700023634,donald3-11-0-0_,141,984494,146887,641638,46,46,1729,7615,40,16,145158,634023,6,30,84429,1813833,3807,1079,21742,24,1,29,0,0,16,0
Bacteroides_uniformis_57318,700023720,700024509,289,964864,143726,629025,102,80,4030,16881,86,53,139696,612144,16,27,81804,1750863,3765,2075,48484,84,1,26,0,0,53,0
Bacteroides_uniformis_57318,700023720,700024711,529,988152,147382,644180,200,134,10004,43642,184,102,137378,600538,16,32,80218,1717715,3681,5732,124963,231,0,32,0,2,100,0
Bacteroides_uniformis_57318,700023720,700037405,355,955035,142545,622509,128,97,7001,29870,114,63,135544,592639,14,34,78958,1695275,3684,3885,85545,180,0,34,0,1,62,0
Bacteroides_uniformis_57318,700023720,700038546,340,983483,146561,641214,120,92,7489,32057,110,62,139072,609157,10,30,81372,1742364,3735,4145,91849,177,0,30,0,1,61,0
Bacteroides_uniformis_57318,700023720,700097906,334,987579,147152,643815,115,97,8856,37940,107,69,138296,605875,8,28,80933,1732984,3708,4922,108688,210,0,28,0,1,68,0
Bacteroides_uniformis_57318,700023720,700106754,361,986022,147066,642900,126,103,7630,32644,115,67,139436,610256,11,36,81388,1745639,3741,4222,93527,183,1,35,0,1,66,0
Bacteroides_uniformis_57318,700023720,700113975,347,989769,147753,645263,122,97,7051,30146,109,62,140702,615117,13,35,82062,1759548,3741,3904,86378,156,2,33,0,1,61,0
Bacteroides_uniformis_57318,700023720,700161429,340,988514,147330,644465,121,88,7125,30580,109,66,140205,613885,12,22,81842,1756132,3681,3973,87608,159,1,21,0,1,65,0
Bacteroides_uniformis_57318,700023720,700161872,349,984276,146944,641693,127,93,7346,31462,112,64,139598,610231,15,29,81411,1745547,3735,4072,90149,165,1,28,0,1,63,0
Bacteroides_uniformis_57318,700023919,700165224,1055,1153707,172424,752165,388,276,25926,111690,367,210,146498,640475,21,66,85042,1832732,3651,14698,319769,603,0,66,0,1,209,0
Bacteroides_uniformis_57318,700023919,700165407,218,1148583,171563,748742,83,61,3398,14305,81,39,168165,734437,2,22,97438,2101673,4200,1985,40831,99,0,22,0,0,39,0
Bacteroides_uniformis_57318,700023919,700172279,1189,1137588,169932,741586,443,313,29090,125162,423,242,140842,616424,20,71,81899,1763830,3543,16701,358119,666,2,69,0,1,241,0
Bacteroides_uniformis_57318,700023919,ERR911986,1033,1158864,173059,755375,378,264,21000,91499,350,193,152059,663876,28,71,88189,1899563,3876,12287,261727,483,0,71,0,1,192,0
Bacteroides_uniformis_57318,700023919,SRR341690,1701,1055368,156933,687925,666,405,33500,145127,628,336,123433,542798,38,69,72587,1552489,3318,19360,415268,753,2,67,0,1,335,0
Bacteroides_uniformis_57318,700023919,SRR413613,1737,1107667,165319,722001,680,421,33080,142758,645,339,132239,579243,35,82,77029,1657292,3408,19040,408502,732,2,80,0,1,338,0
Bacteroides_uniformis_57318,700024024,1089279-24-0-0_,1016,963951,142905,628289,375,241,21590,92895,359,202,121315,535394,16,39,72255,1530780,3147,12014,266008,663,1,38,0,3,199,0
Bacteroides_uniformis_57318,700024024,700033201,434,962628,142819,627463,138,114,5250,22739,122,74,137569,604724,16,40,81044,1729498,3630,3019,65036,162,3,37,0,0,74,0
Bacteroides_uniformis_57318,700024024,700098429,859,928191,137474,605012,319,219,15678,68373,305,174,121796,536639,14,45,72150,1534482,3285,9107,195559,453,2,43,0,1,173,0
Bacteroides_uniformis_57318,700024024,700117239,1028,941812,139458,613924,386,244,18594,80280,361,209,120864,533644,25,35,71921,1525828,3183,10371,229902,567,1,34,0,2,207,0
Bacteroides_uniformis_57318,700024024,700163982,1068,940004,139116,612639,406,252,24066,104909,381,210,115050,507730,25,42,68666,1451533,2991,13587,300408,732,1,41,0,2,208,0
Bacteroides_uniformis_57318,700024024,ERR911966,1141,927994,137413,604793,419,302,23728,103273,402,228,113685,501520,17,74,67410,1434156,2994,13826,295279,714,2,72,0,3,225,0
Bacteroides_uniformis_57318,700024024,ERR911977,1028,931684,138262,607349,375,253,19631,84603,351,203,118631,522746,24,50,70491,1494621,3126,10906,242294,609,1,49,0,2,201,0
Bacteroides_uniformis_57318,700024024,ERR911981,463,943621,139927,615043,141,137,5821,25336,126,80,134106,589707,15,57,79216,1686350,3555,3327,72486,195,6,51,0,0,80,0
Bacteroides_uniformis_57318,700024024,ERR911994,445,940807,139517,613226,145,128,5406,23481,125,82,134111,589745,20,46,79133,1686553,3549,3096,67170,177,3,43,0,0,82,0
Bacteroides_uniformis_57318,700024024,ERR912030,452,939196,139251,612177,147,130,6988,30478,137,87,132263,581699,10,43,78142,1663439,3516,4069,87152,213,2,41,0,0,87,0
Bacteroides_uniformis_57318,700024024,ERR912041,452,932924,138322,608069,147,117,5236,22716,127,78,133086,585353,20,39,78583,1673921,3555,3004,64970,174,2,37,0,0,78,0
Bacteroides_uniformis_57318,700024024,ERR912046,785,933632,138384,608514,309,188,14551,63497,298,143,123833,545017,11,45,73295,1558447,3309,8450,181597,444,3,42,0,0,143,0
Bacteroides_uniformis_57318,700024024,ERR912084,436,944395,139946,615565,142,117,4994,21676,126,75,134952,593889,16,42,79770,1698291,3606,2869,61997,162,2,40,0,0,75,0
Bacteroides_uniformis_57318,700024024,ERR912110,778,936180,138786,610197,304,187,15990,70144,282,137,122796,540053,22,50,72370,1544495,3294,9495,200475,462,2,48,0,0,137,0
Bacteroides_uniformis_57318,700024024,ERR912122,877,937220,138909,610958,319,226,14895,64814,307,171,124014,546144,12,55,73382,1561732,3318,8658,185370,414,3,52,0,1,170,0
Bacteroides_uniformis_57318,700024024,SRR413627,843,932917,138335,608113,322,213,15915,69502,302,159,122420,538611,20,54,72067,1540520,3246,9355,198698,453,2,52,0,0,159,0
Bacteroides_uniformis_57318,700024024,donald3-11-0-0_,416,969087,143535,631614,135,120,5253,22976,116,79,138282,608638,19,41,81668,1740589,3657,3051,65706,171,3,38,0,0,79,0
Bacteroides_uniformis_57318,700024086,1089275-24-0-0_,263,951154,141330,620028,82,91,2039,8573,63,40,139291,611455,19,51,81940,1748645,3780,1147,24518,54,0,51,0,0,40,0
Bacteroides_uniformis_57318,700024086,700034926,1038,909227,135036,592585,382,272,17431,77327,342,173,117605,515258,40,99,69046,1473503,3225,10669,220862,450,0,99,0,1,172,0
Bacteroides_uniformis_57318,700024086,700113810,205,938579,139642,611890,83,59,1426,5753,73,20,138216,606137,10,39,81175,1733525,3711,679,16559,21,0,39,0,0,20,0
Bacteroides_uniformis_57318,700024086,ERR912036,225,924842,137434,602840,83,77,8658,37897,72,38,128776,564943,11,39,75830,1615495,3504,4968,108459,264,2,37,0,0,38,0
Bacteroides_uniformis_57318,700024086,ERR912139,241,920139,136653,599821,84,89,7847,34422,71,39,128806,565399,13,50,75873,1616829,3495,4557,98454,255,1,49,0,0,39,0
Bacteroides_uniformis_57318,700024449,700035861,228,997447,148794,650396,80,70,4234,17750,67,48,144560,632646,13,22,83965,1810394,3579,2466,50667,117,0,22,0,0,48,0
Bacteroides_uniformis_57318,700024449,700037967,254,995107,148040,648870,92,76,3642,15068,84,44,144398,633802,8,32,84452,1813234,3720,2066,43036,102,0,32,0,0,44,0
Bacteroides_uniformis_57318,700024449,700097973,251,1002774,149472,653979,85,77,4169,17446,73,45,145303,636533,12,32,84433,1821539,3627,2367,49866,105,0,32,0,1,44,0
Bacteroides_uniformis_57318,700024449,700161342,253,1002168,149302,653594,92,74,3662,15089,83,44,145640,638505,9,30,84817,1827026,3672,2066,43111,90,0,30,0,0,44,0
Bacteroides_uniformis_57318,700024449,700171955,489,992233,147750,646959,188,117,6225,26531,180,71,141525,620428,8,46,82610,1775032,3642,3597,75837,159,0,46,0,0,71,0
Bacteroides_uniformis_57318,700024449,ERR912065,360,981582,146224,640077,134,97,9334,39908,123,74,136890,600169,11,23,80069,1716952,3486,5212,114284,228,0,23,0,0,74,0
Bacteroides_uniformis_57318,700024449,ERR912080,523,977179,145418,637095,196,148,10167,43195,182,113,135251,593900,14,35,79235,1698934,3531,5835,123516,234,1,34,0,0,113,0
Bacteroides_uniformis_57318,700024449,SRR413650,419,970830,144786,633047,137,124,5646,23599,114,69,139140,609448,23,55,80965,1743806,3573,3216,67422,159,1,54,0,0,69,0
Bacteroides_uniformis_57318,700024509,700024711,274,984117,146783,641594,107,70,3717,16338,96,45,143066,625256,11,25,83385,1788603,3780,2141,46774,99,1,24,0,1,44,0
Bacteroides_uniformis_57318,700024509,700037868,1379,928414,138128,605197,536,347,31482,136453,510,272,106646,468744,26,75,63013,1340297,2922,17966,390604,789,3,72,0,4,268,0
Bacteroides_uniformis_57318,700024615,SRR413605,817,903375,134194,588776,326,191,17349,74474,313,154,116845,514302,13,37,68504,1471276,3126,9903,213081,438,1,36,0,0,154,0
Bacteroides_uniformis_57318,700024673,700109564,668,1103809,165101,719588,244,176,10844,47243,240,135,154257,672345,4,41,89387,1923784,3864,6350,135106,273,0,41,0,1,134,0
Bacteroides_uniformis_57318,700024673,700111296,578,1087188,162356,708737,210,156,9929,43425,203,120,152427,665312,7,36,88598,1903492,3846,5892,124122,261,0,36,0,1,119,0
Bacteroides_uniformis_57318,700024673,700113867,684,1109815,165971,723615,249,179,10736,46895,242,144,155235,676720,7,35,89992,1936259,3909,6333,134088,264,0,35,0,1,143,0
Bacteroides_uniformis_57318,700024673,700117303,844,1096432,163699,714783,314,213,14633,62736,305,169,149066,652047,9,44,86811,1865550,3780,8277,179532,399,0,44,0,1,168,0
Bacteroides_uniformis_57318,700024711,700037405,300,970562,145019,632646,117,83,4101,18132,103,48,140918,614514,14,35,81701,1758055,3786,2411,51895,90,0,35,0,1,47,0
Bacteroides_uniformis_57318,700024711,700038546,293,1002158,149505,653419,116,80,4142,18251,107,48,145363,635168,9,32,84617,1817062,3825,2419,52226,108,0,32,0,1,47,0
Bacteroides_uniformis_57318,700024711,700097906,290,1010456,150787,658711,113,80,4147,18304,103,48,146640,640407,10,32,85358,1832017,3846,2441,52372,99,0,32,0,1,47,0
Bacteroides_uniformis_57318,700024711,700106754,310,1004062,149997,654670,121,87,4588,20280,110,52,145409,634390,11,35,84386,1814974,3810,2679,58065,96,1,34,0,1,51,0
Bacteroides_uniformis_57318,700024711,700113975,295,1006304,150522,656071,113,86,4433,19549,105,52,146089,636522,8,34,84662,1821079,3825,2568,55974,105,2,32,0,1,51,0
Bacteroides_uniformis_57318,700024711,700161429,296,1012316,151129,660014,120,72,4120,18238,107,49,147009,641776,13,23,85355,1836181,3792,2427,52188,99,1,22,0,1,48,0
Bacteroides_uniformis_57318,700024711,700161872,300,1001753,149781,653131,119,81,4172,18385,108,49,145609,634746,11,32,84483,1815951,3804,2446,52613,96,1,31,0,1,48,0
Bacteroides_uniformis_57318,700024789,700116201,743,879879,130441,573502,316,170,9072,37989,311,145,121369,535513,5,25,71889,1531314,3336,4964,108766,237,1,24,0,1,143,1
Bacteroides_uniformis_57318,700024866,700033153,262,1342227,201059,874999,106,64,7423,31674,94,37,193636,843325,12,27,111603,2413647,4725,3991,90899,132,1,26,0,0,37,0
Bacteroides_uniformis_57318,700024866,700095717,267,1353780,203076,882700,104,71,8014,34095,94,41,195062,848605,10,30,112216,2428841,4758,4318,97826,141,0,30,0,0,41,0
Bacteroides_uniformis_57318,700024866,700097837,277,1343629,201800,876039,112,74,7429,31638,93,37,194371,844401,19,37,111473,2417086,4644,3974,90802,138,5,32,0,0,37,0
Bacteroides_uniformis_57318,700024866,700105153,263,1315531,197179,857699,108,65,7343,31367,93,36,189836,826332,15,29,109255,2365115,4626,3940,90029,132,0,29,0,0,36,0
Bacteroides_uniformis_57318,700024866,700105312,260,1346467,202032,877951,107,63,7458,31794,93,38,194574,846157,14,25,111721,2422016,4734,4001,91249,132,1,24,0,0,38,0
Bacteroides_uniformis_57318,700024866,700113762,251,1360614,204364,887209,104,56,6103,26264,88,34,198261,860945,16,22,113553,2464512,4770,3338,75355,99,0,22,0,0,34,0
Bacteroides_uniformis_57318,700024866,700117766,278,1360861,204180,887388,105,79,6712,28850,91,36,197468,858538,14,43,113359,2457446,4809,3688,82754,108,1,42,0,0,36,0
Bacteroides_uniformis_57318,700024866,700120753,261,1355640,203497,883990,107,63,7360,31369,94,35,196137,852621,13,28,112509,2440656,4698,3922,90059,126,0,28,0,0,35,0
Bacteroides_uniformis_57318,700024866,ERR912038,256,1370240,205573,893474,104,65,6711,28817,91,34,198862,864657,13,31,114138,2474994,4839,3688,82655,108,1,30,0,0,34,0
Bacteroides_uniformis_57318,700024866,ERR912067,435,1348657,202181,879317,166,105,12208,52390,151,80,189973,826927,15,25,109456,2366708,4617,6641,150280,249,0,25,0,1,79,0
Bacteroides_uniformis_57318,700024866,ERR912165,284,1364235,204518,889578,119,68,7519,32325,105,39,196999,857253,14,29,113269,2453687,4803,4156,92705,114,0,29,0,0,39,0
Bacteroides_uniformis_57318,700024866,ERR912175,260,1358284,203590,885682,107,64,6709,28800,90,36,196881,856882,17,28,113269,2452577,4800,3683,82609,108,1,27,0,1,35,0
Bacteroides_uniformis_57318,700032133,700037008,1823,920939,137334,600725,726,425,31113,135537,705,365,106221,465188,21,60,61977,1330851,2736,17890,387833,888,0,60,0,2,362,1
Bacteroides_uniformis_57318,700032133,700107930,1047,954901,142348,622790,392,273,19205,83536,376,221,123143,539254,16,52,71786,1542808,3168,11002,239033,573,1,51,0,2,219,0
Bacteroides_uniformis_57318,700032133,ERR912023,708,932996,139124,608551,274,173,10487,45657,249,124,128637,562894,25,49,74816,1610548,3318,6010,130628,333,0,49,0,1,123,0
Bacteroides_uniformis_57318,700032133,ERR912182,806,923303,137421,602203,302,214,13580,59633,273,148,123841,542570,29,66,72350,1552201,3159,7825,170633,441,4,62,0,1,147,0
Bacteroides_uniformis_57318,700032133,ERR912187,750,935070,139374,609888,274,197,12622,55255,262,152,126752,554633,12,45,73715,1586944,3240,7336,158042,387,0,45,0,2,150,0
Bacteroides_uniformis_57318,700033153,700113762,42,1363426,204364,888895,11,19,1327,5415,6,2,203037,883480,5,17,116582,2529001,4857,647,15565,33,1,16,0,0,2,0
Bacteroides_uniformis_57318,700033153,700117766,69,1361415,203979,887621,13,42,1327,5427,6,3,202652,882194,7,39,116487,2525208,4887,648,15600,33,2,37,0,0,3,0
Bacteroides_uniformis_57318,700033153,ERR912038,49,1370662,205345,893564,13,29,1327,5416,6,2,204018,888148,7,27,117215,2542318,4911,647,15568,33,2,25,0,0,2,0
Bacteroides_uniformis_57318,700033153,ERR912067,232,1349025,201986,879376,79,69,3498,15275,64,31,198488,864101,15,38,114202,2473331,4770,1940,43786,99,2,36,0,0,31,0
Bacteroides_uniformis_57318,700033153,ERR912165,93,1365305,204449,890072,31,39,2689,11633,24,14,201760,878439,7,25,115989,2514447,4881,1489,33365,45,1,24,0,0,14,0
Bacteroides_uniformis_57318,700033153,ERR912175,53,1358359,203385,885558,16,28,1337,5462,6,2,202048,880096,10,26,116243,2519161,4884,654,15699,33,3,23,0,0,2,0
Bacteroides_uniformis_57318,700033201,1089279-24-0-0_,861,1010857,151150,658979,325,220,19278,81942,313,173,131872,577037,12,47,77104,1650665,3342,10366,234902,558,2,45,0,3,170,0
Bacteroides_uniformis_57318,700033201,700098429,665,954208,142223,622019,254,178,12309,53665,242,141,129914,568354,12,37,75737,1625848,3477,7146,153528,321,1,36,0,1,140,0
Bacteroides_uniformis_57318,700033201,700117239,943,970216,144519,632573,358,241,16260,69919,339,198,128259,562654,19,43,75131,1609513,3318,9048,200211,498,2,41,0,2,196,0
Bacteroides_uniformis_57318,700033201,700163982,976,972866,144915,634199,376,245,20363,87119,362,205,124552,547080,14,40,73299,1564746,3195,11129,249625,603,2,38,0,2,203,0
Bacteroides_uniformis_57318,700033201,ERR911966,914,961089,143457,626504,347,251,18463,79053,326,179,124994,547451,21,72,72876,1566249,3228,10527,226077,555,2,70,0,2,177,0
Bacteroides_uniformis_57318,700033201,ERR911977,875,967318,144650,630697,320,232,14506,62288,302,173,130144,568409,18,59,75705,1626132,3390,8032,178418,414,2,57,0,2,171,0
Bacteroides_uniformis_57318,700033201,ERR911981,232,983114,146985,641021,61,83,1592,6921,54,30,145393,634100,7,53,84268,1814222,3810,921,19803,39,5,48,0,0,30,0
Bacteroides_uniformis_57318,700033201,ERR911994,191,980845,146639,639498,58,64,1602,6828,51,31,145037,632670,7,33,84012,1810221,3777,900,19536,48,2,31,0,0,31,0
Bacteroides_uniformis_57318,700033201,ERR912030,202,977748,146129,637465,66,67,1730,7328,60,30,144399,630137,6,37,83770,1802852,3789,953,20986,45,1,36,0,0,30,0
Bacteroides_uniformis_57318,700033201,ERR912041,218,967773,144601,630927,74,62,1462,6086,64,39,143139,624841,10,23,83052,1787733,3738,791,17431,36,1,22,0,0,39,0
Bacteroides_uniformis_57318,700033201,ERR912046,676,968506,144691,631359,279,160,13169,56428,269,127,131522,574931,10,33,76581,1644753,3459,7488,161415,381,2,31,0,0,127,0
Bacteroides_uniformis_57318,700033201,ERR912110,676,971574,145183,633418,272,162,12445,53611,257,120,132738,579807,15,42,77034,1658904,3483,7194,153288,351,1,41,0,0,120,0
Bacteroides_uniformis_57318,700033201,ERR912122,677,975815,145799,636305,254,182,12131,52733,244,143,133668,583572,10,39,77637,1669554,3525,6987,150912,300,2,37,0,1,142,0
Bacteroides_uniformis_57318,700033201,SRR413627,713,968037,144696,631163,291,174,14524,63259,277,125,130172,567904,14,49,75202,1625147,3363,8511,180852,414,1,48,0,0,125,0
Bacteroides_uniformis_57318,700033201,donald3-11-0-0_,165,1015743,151786,662211,53,56,1692,7251,50,31,150094,654960,3,25,86978,1874047,3855,945,20754,54,2,23,0,0,31,0
Bacteroides_uniformis_57318,700033435,700038761,964,963366,142969,627831,379,205,10970,46882,358,156,131999,580949,21,49,77899,1661525,3423,6234,134118,294,0,49,0,0,156,0
Bacteroides_uniformis_57318,700033435,700106056,969,951666,141246,620098,369,228,14058,59974,341,171,127188,560124,28,57,75429,1601562,3381,7830,171747,345,1,56,0,0,171,0
Bacteroides_uniformis_57318,700033435,ERR912024,1154,952721,141688,620953,417,270,15571,67169,392,202,126117,553784,25,68,74299,1583768,3285,8723,192352,432,0,68,0,0,202,0
Bacteroides_uniformis_57318,700033435,ERR912042,1190,951973,141646,620425,426,293,18020,78504,406,217,123626,541921,20,76,72534,1550091,3138,10307,224656,549,0,76,0,0,217,0
Bacteroides_uniformis_57318,700033435,ERR912071,1230,943265,140317,614846,468,292,19929,86479,453,240,120388,528367,15,52,70652,1511314,3135,11515,247403,519,2,50,0,1,239,0
Bacteroides_uniformis_57318,700033435,ERR912077,1175,953902,141912,621698,432,287,18764,80084,411,222,123148,541614,21,65,72662,1549012,3168,10385,229309,558,2,62,1,0,222,0
Bacteroides_uniformis_57318,700033435,SRR341624,1114,805193,118480,523859,395,278,20834,91588,383,224,97646,432271,12,54,59427,1234494,2892,12464,261760,540,1,53,0,1,223,0
Bacteroides_uniformis_57318,700033435,SRR413615,427,972712,144698,634052,171,127,5669,24768,159,100,139029,609284,12,27,81160,1743140,3552,3441,70689,174,0,27,0,1,99,0
Bacteroides_uniformis_57318,700033435,SRR413663,905,936485,139297,610460,356,206,16103,69355,342,169,123194,541105,14,37,72401,1547770,3144,9091,198521,453,0,37,0,0,169,0
Bacteroides_uniformis_57318,700033665,700035861,1260,986539,147561,643175,456,321,28694,123216,422,236,118867,519959,34,85,69569,1487431,2877,15845,353116,687,2,83,0,0,236,0
Bacteroides_uniformis_57318,700033665,700037967,1299,967753,144317,631088,479,319,30719,131938,454,238,113598,499150,25,81,67111,1427510,2829,16913,378142,759,2,79,0,0,238,0
Bacteroides_uniformis_57318,700033665,700097973,1294,986473,147557,643313,468,327,33841,145709,436,256,113716,497604,32,71,66473,1423615,2724,18705,417591,831,1,70,0,2,254,0
Bacteroides_uniformis_57318,700033665,700161342,1309,984523,147135,642008,480,322,29024,125003,449,236,118111,517005,31,86,69129,1479033,2853,16027,358277,705,2,84,0,0,236,0
Bacteroides_uniformis_57318,700033665,SRR413617,426,973461,145129,634784,161,108,8791,37904,153,61,136338,596880,8,47,79548,1707687,3405,4963,108533,216,0,47,0,0,61,0
Bacteroides_uniformis_57318,700034166,700106170,909,954140,142494,622176,343,236,26565,114697,315,175,115929,507479,28,61,67954,1451516,2967,14820,328566,705,1,60,0,3,172,0
Bacteroides_uniformis_57318,700034166,ERR911967,1015,925787,138351,603732,378,252,21911,95731,345,198,116440,508001,33,54,67530,1453479,2994,12690,273915,588,0,54,0,4,193,1
Bacteroides_uniformis_57318,700034926,1089275-24-0-0_,1247,939215,139741,612233,457,325,18663,82433,418,226,121078,529800,39,99,70651,1515515,3234,11407,235421,471,0,99,0,2,224,0
Bacteroides_uniformis_57318,700034926,700113810,1208,914578,136155,596224,465,299,15393,68063,422,199,120762,528161,43,100,70440,1510782,3261,9381,194457,351,0,100,0,2,197,0
Bacteroides_uniformis_57318,700034926,700161967,1055,934132,138858,608903,394,276,14292,63728,350,172,124566,545175,44,104,72774,1559415,3336,8852,181987,345,0,104,0,2,170,0
Bacteroides_uniformis_57318,700034926,ERR912036,1203,913593,135940,595477,456,310,24752,109448,419,214,111188,486029,37,96,64942,1390115,3030,14932,312782,630,2,94,0,2,212,0
Bacteroides_uniformis_57318,700034926,ERR912139,1226,905800,134709,590433,459,325,23802,105455,415,223,110907,484978,44,102,64779,1387131,3024,14461,301289,615,1,101,0,2,221,0
Bacteroides_uniformis_57318,700035157,700095058,1312,953376,142268,621607,522,326,28626,125854,503,245,113642,495753,19,81,65717,1418563,2979,16899,359883,780,1,80,0,1,244,0
Bacteroides_uniformis_57318,700035157,700095410,1277,954233,142430,622225,506,336,30574,135636,485,267,111856,486589,21,69,64422,1392393,2952,18235,387860,813,0,69,0,3,264,0
Bacteroides_uniformis_57318,700035157,ERR912069,1668,929500,138525,606059,689,384,31644,136792,664,315,106881,469267,25,69,62715,1342191,2895,18189,391338,849,0,69,0,3,311,1
Bacteroides_uniformis_57318,700035861,700037967,111,994056,148278,648173,40,42,1349,5802,33,21,146929,642371,7,21,85402,1838024,3687,818,16555,33,0,21,0,0,21,0
Bacteroides_uniformis_57318,700035861,700097973,43,1010369,151108,658786,13,21,837,3659,6,3,150271,655127,7,18,86783,1874956,3642,453,10494,30,1,17,0,0,3,0
Bacteroides_uniformis_57318,700035861,700161342,106,1009124,150836,658017,39,41,1340,5742,32,20,149496,652275,7,21,86467,1866719,3639,807,16386,33,0,21,0,0,20,0
Bacteroides_uniformis_57318,700035861,700171955,289,993794,148390,647886,122,59,2704,11937,113,31,145686,635949,9,28,84504,1819707,3636,1578,34158,75,0,28,0,0,31,0
Bacteroides_uniformis_57318,700035861,ERR912065,203,987607,147642,643916,82,59,4499,19302,75,38,143143,624614,7,21,83114,1787185,3543,2443,55385,78,0,21,0,0,38,0
Bacteroides_uniformis_57318,700035861,ERR912080,323,981079,146494,639562,127,90,6065,25982,115,55,140429,613580,12,35,81671,1755523,3546,3491,74338,117,1,34,0,0,55,0
Bacteroides_uniformis_57318,700035861,SRR413650,263,976738,146149,636805,88,77,3153,13574,74,34,142996,623231,14,43,82611,1783551,3531,1824,38808,90,1,42,0,0,34,0
Bacteroides_uniformis_57318,700037008,700107930,1487,931518,138845,607608,606,330,23233,100674,578,279,115612,506934,28,51,67824,1449846,3132,13136,288271,615,0,51,0,3,275,1
Bacteroides_uniformis_57318,700037008,ERR912023,1542,914816,136317,596760,612,344,21886,95299,601,298,114431,501461,11,46,66929,1434406,3048,12531,272778,588,0,46,0,1,296,1
Bacteroides_uniformis_57318,700037008,ERR912182,1567,909529,135361,593271,631,355,26632,116066,610,302,108729,477205,21,53,63839,1364899,2877,15346,332084,768,4,49,0,1,300,1
Bacteroides_uniformis_57318,700037008,ERR912187,1502,916821,136566,598013,590,340,24749,108091,582,296,111817,489922,8,44,65485,1401317,2964,14194,309389,690,1,43,0,2,293,1
Bacteroides_uniformis_57318,700037303,700037916,139,1037797,154667,676778,55,38,3436,15155,40,19,151231,661623,15,19,88284,1892604,3981,1931,43444,90,0,19,0,0,19,0
Bacteroides_uniformis_57318,700037303,ERR911975,232,1050156,156651,684801,93,54,3008,12566,74,31,153643,672235,19,23,89571,1923081,4053,1524,36102,72,0,23,0,0,31,0
Bacteroides_uniformis_57318,700037738,ERR912047,670,885523,131220,577320,256,152,11341,49723,255,133,119879,527597,1,19,70977,1508487,3327,6625,142265,279,0,19,0,2,131,0
Bacteroides_uniformis_57318,700037757,SRR413559,626,1098615,164067,716414,245,147,8695,37167,229,112,155372,679247,16,35,90564,1943229,3948,4717,106592,192,1,34,0,1,111,0
Bacteroides_uniformis_57318,700037868,700105613,942,959251,142805,625263,361,238,24715,107032,335,188,118090,518231,26,50,69612,1481979,3102,13947,306441,708,3,47,0,1,186,1
Bacteroides_uniformis_57318,700037868,700106754,1477,954412,142122,622280,570,378,35778,154634,548,297,106344,467646,22,81,62851,1337159,2928,20292,442725,885,2,79,0,5,292,0
Bacteroides_uniformis_57318,700037868,700161872,1422,952063,141923,620673,554,362,33747,145247,528,291,108176,475426,26,71,63841,1359473,2964,19088,415846,807,2,69,0,5,286,0
Bacteroides_uniformis_57318,700037916,ERR911975,218,1012279,150707,660161,90,49,2666,11667,81,32,148041,648494,9,17,86687,1854811,3984,1492,33437,72,0,17,0,0,32,0
Bacteroides_uniformis_57318,700037967,700097973,134,997699,148690,650623,45,47,2023,8755,36,26,146667,641868,9,21,85224,1836660,3720,1138,25064,63,0,21,0,1,25,0
Bacteroides_uniformis_57318,700037967,700171955,381,994626,148156,648546,154,87,4659,20464,147,52,143497,628082,7,35,83631,1796862,3753,2750,58513,129,0,35,0,0,52,0
Bacteroides_uniformis_57318,700037967,ERR912065,239,980105,145970,639116,92,64,5928,25531,85,42,140042,613585,7,22,81871,1755224,3660,3234,73215,144,0,22,0,0,42,0
Bacteroides_uniformis_57318,700037967,ERR912080,401,976176,145274,636417,149,117,7133,30612,140,83,138141,605805,9,34,80830,1732922,3663,4102,87581,153,1,33,0,0,83,0
Bacteroides_uniformis_57318,700037967,SRR413650,306,966361,144031,630141,101,92,4331,18508,82,52,139700,611633,19,40,81337,1749935,3627,2459,52924,141,1,39,0,0,52,0
Bacteroides_uniformis_57318,700038072,SRR341699,387,833918,123780,543593,150,95,4443,18766,145,74,119337,524827,5,21,70077,1501113,3291,2477,53686,135,0,20,1,0,74,0
Bacteroides_uniformis_57318,700038493,700121919,1335,886534,131736,578176,561,269,23736,102936,545,239,108000,475240,16,30,63782,1359010,2928,13207,294956,645,1,29,0,0,239,0
Bacteroides_uniformis_57318,700038761,700106056,580,968595,143826,631174,210,130,9438,40995,197,95,134388,590179,13,35,79352,1687651,3534,5425,117362,198,1,34,0,0,95,0
Bacteroides_uniformis_57318,700038761,ERR912024,738,954945,141838,622474,275,160,12380,53161,262,110,129458,569313,13,50,76566,1628046,3327,6866,152260,357,0,50,0,0,110,0
Bacteroides_uniformis_57318,700038761,ERR912042,762,953598,141681,621512,280,178,14845,64564,271,123,126836,556948,9,55,74734,1592915,3195,8483,184732,477,0,55,0,0,123,0
Bacteroides_uniformis_57318,700038761,ERR912071,885,945986,140535,616675,348,193,12978,56270,335,154,127557,560405,13,39,75231,1602690,3294,7382,161101,327,1,38,0,2,152,0
Bacteroides_uniformis_57318,700038761,ERR912077,868,955536,141907,622814,328,174,12886,56168,317,129,129021,566646,11,45,76102,1620551,3285,7346,160762,396,2,42,1,0,129,0
Bacteroides_uniformis_57318,700038761,SRR341624,694,817443,120271,531908,236,163,13182,58339,229,128,107089,473569,7,35,65075,1352467,3165,7927,166814,276,2,33,0,0,128,0
Bacteroides_uniformis_57318,700038761,SRR413615,786,959640,142373,625509,310,156,8433,36339,292,116,133940,589170,18,40,78923,1685158,3429,4815,103986,216,0,40,0,1,115,0
Bacteroides_uniformis_57318,700038761,SRR413663,303,949347,141093,618935,122,54,2775,12093,109,32,138318,606842,13,22,81166,1735808,3552,1593,34641,45,0,22,0,0,32,0
Bacteroides_uniformis_57318,700038870,700098267,166,1000505,149463,652463,32,91,978,3946,13,6,148485,648517,19,85,86121,1855614,3816,469,11339,30,7,78,0,0,6,0
Bacteroides_uniformis_57318,700095058,700095410,1200,1006144,150488,656067,466,305,34765,149647,447,234,115723,506420,19,71,67207,1449122,2931,19633,428441,867,0,71,0,1,233,0
Bacteroides_uniformis_57318,700095410,pluto3-11-0-0_,858,1000542,148920,652478,337,216,18592,79698,331,159,130328,572780,6,57,76454,1638460,3426,10332,228309,453,1,56,0,0,159,0
Bacteroides_uniformis_57318,700095717,700113762,49,1378080,206923,898602,10,27,1317,5325,4,3,205606,893277,6,24,117754,2557160,4917,641,15301,33,0,24,0,0,3,0
Bacteroides_uniformis_57318,700095717,700117766,75,1376686,206560,897757,11,50,1307,5290,4,4,205253,892467,7,46,117732,2554731,4938,635,15202,33,1,45,0,0,4,0
Bacteroides_uniformis_57318,700095717,ERR912038,55,1382926,207495,901780,11,37,1317,5334,4,3,206178,896446,7,34,118202,2566177,4959,640,15329,33,1,33,0,0,3,0
Bacteroides_uniformis_57318,700095717,ERR912067,239,1360964,204078,887383,77,77,2900,12736,59,29,201178,874647,18,48,115482,2503632,4827,1613,36508,87,1,47,0,0,29,0
Bacteroides_uniformis_57318,700095717,ERR912165,99,1376489,206405,897587,29,47,2669,11486,22,14,203736,886101,7,33,116910,2536464,4929,1470,32943,45,0,33,0,0,14,0
Bacteroides_uniformis_57318,700095717,ERR912175,58,1369457,205318,893005,14,35,1317,5331,4,3,204001,887674,10,32,117192,2540916,4914,640,15320,33,2,30,0,0,3,0
Bacteroides_uniformis_57318,700097482,SRR341639,1056,745988,111048,486410,419,224,24140,106587,406,195,86908,379823,13,29,50714,1086193,2562,14578,304487,696,0,29,0,1,194,0
Bacteroides_uniformis_57318,700097482,SRR413579,977,849262,126452,553731,395,200,18557,80513,383,162,107895,473218,12,38,63560,1353172,2922,10550,230455,534,1,37,0,1,161,0
Bacteroides_uniformis_57318,700097837,700113762,57,1370073,205936,893341,15,30,1337,5432,4,2,204599,887909,11,28,116892,2542050,4785,644,15619,33,5,23,0,0,2,0
Bacteroides_uniformis_57318,700097837,700117766,85,1366676,205255,891153,19,52,1327,5382,4,2,203928,885771,15,50,116737,2535773,4803,634,15479,33,6,44,0,0,2,0
Bacteroides_uniformis_57318,700097837,ERR912038,65,1373019,206306,895265,19,39,1337,5427,4,2,204969,889838,15,37,117159,2547549,4806,645,15603,33,6,31,0,0,2,0
Bacteroides_uniformis_57318,700097837,ERR912067,248,1350747,202864,880634,85,80,2960,12864,58,28,199904,867770,27,52,114396,2484210,4704,1634,36892,66,6,46,0,0,28,0
Bacteroides_uniformis_57318,700097837,ERR912165,110,1366711,205221,891172,37,50,2689,11597,22,14,202532,879575,15,36,115912,2518043,4770,1471,33275,45,5,31,0,0,14,0
Bacteroides_uniformis_57318,700097837,ERR912175,68,1359432,204111,886415,21,38,1327,5393,4,2,202784,881022,17,36,116112,2522193,4761,641,15505,33,7,29,0,0,2,0
Bacteroides_uniformis_57318,700097973,700161342,130,1037985,155091,676884,47,44,2069,8914,37,26,153022,667970,10,18,88337,1911799,3774,1153,25526,63,0,18,0,1,25,0
Bacteroides_uniformis_57318,700097973,700171955,320,1005896,150147,655888,131,66,3604,15866,124,35,146543,640022,7,31,84896,1831492,3678,2070,45426,102,1,30,0,0,35,0
Bacteroides_uniformis_57318,700097973,ERR912065,225,1015325,151718,662204,83,65,5641,24363,78,46,146077,637841,5,19,84619,1825265,3639,3060,69912,117,0,19,0,1,45,0
Bacteroides_uniformis_57318,700097973,ERR912080,353,1010328,150775,658748,137,95,7297,31357,131,61,143478,627391,6,34,83359,1795157,3657,4109,89818,144,2,32,0,0,61,0
Bacteroides_uniformis_57318,700097973,SRR413650,294,1008424,150841,657615,95,87,4933,21178,81,48,145908,636437,14,39,84185,1821505,3621,2737,60656,141,1,38,0,1,47,0
Bacteroides_uniformis_57318,700098429,1089279-24-0-0_,1294,993128,148058,647415,499,325,27123,116487,484,260,120935,530928,15,65,71144,1518556,3084,15114,333588,759,1,64,0,4,256,0
Bacteroides_uniformis_57318,700098429,700117239,1381,948612,140979,618305,536,346,24299,104732,525,273,116680,513573,11,73,68902,1468745,3072,13641,299871,684,1,72,0,3,270,0
Bacteroides_uniformis_57318,700098429,700163982,1420,954761,141883,622228,557,350,26508,114267,538,278,115375,507961,19,72,68242,1452653,2988,14868,327168,765,1,71,0,3,275,0
Bacteroides_uniformis_57318,700098429,ERR911966,1376,971365,144579,633141,558,337,26522,115147,531,254,118057,517994,27,83,69121,1481765,3096,15453,329280,708,1,82,0,3,251,0
Bacteroides_uniformis_57318,700098429,ERR911977,1345,981702,146382,640051,514,344,25954,111751,498,274,120428,528300,16,70,70727,1511059,3114,14500,320054,699,1,69,0,3,271,0
Bacteroides_uniformis_57318,700098429,ERR911981,749,988480,147385,644389,271,222,12468,53892,260,142,134917,590497,11,80,78773,1689190,3528,7167,154197,312,4,76,0,1,141,0
Bacteroides_uniformis_57318,700098429,ERR911994,597,992890,148035,647264,232,173,10570,45931,216,114,137465,601333,16,59,80101,1720286,3612,6136,131408,249,0,59,0,2,112,0
Bacteroides_uniformis_57318,700098429,ERR912030,607,991180,147733,646140,240,173,11600,50591,226,118,136133,595549,14,55,79430,1703644,3573,6743,144748,282,0,55,0,1,117,0
Bacteroides_uniformis_57318,700098429,ERR912041,728,981859,146304,640072,285,203,13502,58822,272,157,132802,581250,13,46,77429,1662826,3495,7921,168221,324,0,46,0,1,156,0
Bacteroides_uniformis_57318,700098429,ERR912046,1097,983699,146501,641288,474,253,23365,101676,460,204,123136,539612,14,49,71978,1543645,3213,13659,290748,621,1,48,0,1,203,0
Bacteroides_uniformis_57318,700098429,ERR912084,698,989030,147329,644759,268,190,11775,51360,255,147,135554,593399,13,43,79204,1697438,3555,6849,146931,300,0,43,0,1,146,0
Bacteroides_uniformis_57318,700098429,ERR912110,1084,985707,146876,642567,462,252,23331,101610,444,201,123545,540957,18,51,72040,1547591,3240,13637,290587,606,0,51,0,1,200,0
Bacteroides_uniformis_57318,700098429,SRR413627,1166,974124,145192,635028,479,287,24605,106962,461,223,120587,528066,18,64,70173,1510890,3135,14345,305878,663,0,64,0,1,222,0
Bacteroides_uniformis_57318,700098429,donald3-11-0-0_,572,1001285,149120,652691,226,164,10793,46847,216,113,138327,605844,10,51,80721,1733163,3648,6229,134063,249,0,51,0,2,111,0
Bacteroides_uniformis_57318,700098669,ERR911980,934,869819,128423,566491,369,213,19111,82987,356,154,109312,483504,13,59,65720,1381681,3111,10967,237445,549,4,55,0,1,153,0
Bacteroides_uniformis_57318,700105049,700116865,46,962624,143388,627520,13,17,578,2377,11,2,142810,625143,2,15,83499,1788090,3840,299,6820,12,0,14,1,0,2,0
Bacteroides_uniformis_57318,700105153,700113762,44,1339605,200943,873454,13,21,1287,5306,5,2,199656,868148,8,19,114454,2485214,4776,642,15243,33,0,19,0,0,2,0
Bacteroides_uniformis_57318,700105153,700117766,70,1338647,200680,872870,15,43,1287,5332,5,4,199393,867538,10,39,114486,2483316,4812,645,15318,33,1,38,0,0,4,0
Bacteroides_uniformis_57318,700105153,ERR912038,50,1350201,202415,880391,15,30,1297,5362,5,3,201118,875029,10,27,115375,2504882,4830,652,15401,33,1,26,0,0,3,0
Bacteroides_uniformis_57318,700105153,ERR912067,232,1329943,199316,867054,80,71,2750,12017,54,28,196566,855037,26,43,112873,2447510,4728,1512,34461,78,1,42,0,0,28,0
Bacteroides_uniformis_57318,700105153,ERR912165,95,1345391,201580,877259,33,41,2649,11511,23,13,198931,865748,10,28,114229,2478221,4794,1481,33007,45,0,28,0,0,13,0
Bacteroides_uniformis_57318,700105153,ERR912175,53,1338810,200585,872940,17,29,1287,5314,5,2,199298,867626,12,27,114515,2483551,4812,643,15266,33,2,25,0,0,2,0
Bacteroides_uniformis_57318,700105312,700113762,41,1370305,205825,893603,12,19,1357,5530,5,3,204468,888073,7,16,116944,2542403,4872,664,15893,33,1,15,0,0,3,0
Bacteroides_uniformis_57318,700105312,700117766,67,1368896,205457,892694,14,41,1347,5494,5,4,204110,887200,9,37,116882,2539825,4893,658,15791,33,2,35,0,0,4,0
Bacteroides_uniformis_57318,700105312,ERR912038,46,1378876,206935,899194,14,27,1357,5527,5,2,205578,893667,9,25,117683,2558395,4923,662,15886,33,1,24,0,0,2,0
Bacteroides_uniformis_57318,700105312,ERR912067,229,1356705,203500,884603,79,68,2859,12494,56,28,200641,872109,23,40,114968,2496559,4800,1575,35829,78,2,38,0,0,28,0
Bacteroides_uniformis_57318,700105312,ERR912165,92,1372307,205847,894894,32,39,2719,11758,23,15,203128,883136,9,24,116355,2528166,4887,1503,33726,45,1,23,0,0,15,0
Bacteroides_uniformis_57318,700105312,ERR912175,51,1365654,204825,890552,17,27,1357,5543,5,3,203468,885009,12,24,116661,2533488,4878,666,15930,33,3,21,0,0,3,0
Bacteroides_uniformis_57318,700105882,SRR413596,297,803473,119826,523907,106,90,5299,23008,81,42,114527,500899,25,48,67223,1432201,3273,3048,65841,135,3,45,0,0,42,0
Bacteroides_uniformis_57318,700106056,ERR912024,869,946793,140744,617049,305,205,13888,59668,288,158,126856,557381,17,47,75019,1593827,3297,7773,170853,378,1,46,0,0,158,0
Bacteroides_uniformis_57318,700106056,ERR912042,894,945001,140489,615806,309,224,15790,68438,294,174,124699,547368,15,50,73523,1565386,3195,9032,195817,465,1,49,0,0,174,0
Bacteroides_uniformis_57318,700106056,ERR912071,896,938868,139639,611897,342,214,13945,60054,331,174,125694,551843,11,40,74153,1578082,3294,7873,171953,336,3,37,0,1,173,0
Bacteroides_uniformis_57318,700106056,ERR912077,878,946942,140737,617091,320,184,15194,64639,306,143,125543,552452,14,41,74561,1579555,3240,8208,185286,423,2,38,1,0,143,0
Bacteroides_uniformis_57318,700106056,SRR341624,758,810808,119321,527547,233,207,16567,73103,223,174,102754,454444,10,33,62504,1297840,2988,9882,208974,453,2,31,0,1,173,0
Bacteroides_uniformis_57318,700106056,SRR413615,769,949302,140963,618655,283,165,9564,40230,256,120,131399,578425,27,45,77754,1654140,3381,5209,115235,246,1,44,0,1,119,0
Bacteroides_uniformis_57318,700106056,SRR413663,477,936605,139255,610480,167,118,9706,41025,146,82,129549,569455,21,36,76515,1628478,3372,5203,117650,222,1,35,0,0,82,0
Bacteroides_uniformis_57318,700106170,ERR911967,790,935162,139453,609780,275,232,17996,77053,249,170,121457,532727,26,62,71068,1523987,3126,10135,220529,495,0,62,0,0,169,1
Bacteroides_uniformis_57318,700106170,ERR912002,971,938144,139801,611658,369,251,21192,91521,344,180,118609,520137,25,71,69689,1487668,3054,11911,262058,594,2,69,0,2,178,0
Bacteroides_uniformis_57318,700106170,ERR912033,967,931003,138855,607099,372,249,20469,88176,353,183,118386,518923,19,66,69357,1484352,3060,11514,252423,591,1,65,0,3,180,0
Bacteroides_uniformis_57318,700107930,ERR912023,662,932519,138943,608224,255,163,8279,36254,244,128,130664,571970,11,35,76104,1636299,3507,4863,103662,237,1,34,0,1,127,0
Bacteroides_uniformis_57318,700107930,ERR912182,833,924433,137463,602949,325,222,15473,67026,311,169,121990,535923,14,53,71741,1532770,3258,8737,191885,456,5,48,0,1,168,0
Bacteroides_uniformis_57318,700107930,ERR912187,711,934208,139151,609332,264,185,10181,44654,256,143,128970,564678,8,42,75198,1615377,3459,5932,127754,276,0,42,0,2,141,0
Bacteroides_uniformis_57318,700109564,700111296,149,1121045,167547,730967,51,43,3429,14709,47,28,164118,716258,4,15,95087,2049550,4137,1990,42065,72,0,15,0,0,28,0
Bacteroides_uniformis_57318,700109564,700113867,196,1135803,170054,740679,66,59,3989,17093,63,43,166065,723586,3,16,95856,2070753,4149,2264,48922,93,0,16,0,0,43,0
Bacteroides_uniformis_57318,700109564,700117303,248,1127772,168541,735341,98,56,4037,16638,97,41,164504,718703,1,15,95351,2056627,4131,2093,47719,102,0,15,0,0,41,0
Bacteroides_uniformis_57318,700111296,700113867,71,1124825,168082,733471,23,26,754,3341,20,19,167328,730130,3,7,96961,2089223,4206,446,9556,21,0,7,0,0,19,0
Bacteroides_uniformis_57318,700111296,700117303,381,1104676,164869,720178,144,90,7350,30857,137,70,157519,689321,7,20,91689,1972272,4002,4040,88351,180,0,20,0,0,70,0
Bacteroides_uniformis_57318,700113705,700166775,218,971790,145159,633771,86,54,1104,4827,73,24,144055,628944,13,30,83359,1799750,3723,679,13793,9,1,29,0,0,24,0
Bacteroides_uniformis_57318,700113705,ERR911959,93,961155,143195,626745,29,36,317,1391,21,2,142878,625354,8,34,83228,1789072,3762,161,4003,9,2,32,0,0,2,0
Bacteroides_uniformis_57318,700113762,700120753,44,1382320,207779,901467,12,21,1357,5539,6,3,206422,895928,6,18,117825,2565117,4842,654,15930,33,0,18,0,0,3,0
Bacteroides_uniformis_57318,700113762,ERR912067,223,1369636,205669,893063,77,61,2829,12354,56,28,202840,880709,21,33,116033,2521300,4794,1563,35421,78,1,32,0,0,28,0
Bacteroides_uniformis_57318,700113762,ERR912165,84,1385575,208052,903548,29,32,1362,6203,18,11,206690,897345,11,21,118082,2569045,4908,839,17758,12,0,21,0,0,11,0
Bacteroides_uniformis_57318,700113810,1089275-24-0-0_,404,993053,148389,647657,157,108,2915,11836,140,60,145474,635821,17,48,84524,1819201,3738,1513,33932,63,0,48,0,0,60,0
Bacteroides_uniformis_57318,700113810,700161967,200,981689,146414,640226,81,58,918,3467,71,20,145496,636759,10,38,84731,1821784,3762,390,10008,3,0,38,0,0,20,0
Bacteroides_uniformis_57318,700113810,ERR912036,371,969280,144709,632099,154,102,8469,36629,141,61,136240,595470,13,41,79343,1703521,3546,4754,104920,213,2,39,0,0,61,0
Bacteroides_uniformis_57318,700113810,ERR912139,384,964759,143978,629180,153,113,9433,40741,143,61,134545,588439,10,52,78503,1683316,3498,5297,116671,255,1,51,0,0,61,0
Bacteroides_uniformis_57318,700113867,700117303,433,1119251,167354,729811,165,105,8024,33698,163,85,159330,696113,2,20,92303,1992013,4023,4368,96528,198,0,20,0,0,85,0
Bacteroides_uniformis_57318,700114218,700116148,774,511484,76406,333361,283,211,9943,42540,265,170,66463,290821,18,41,38431,832190,1842,5534,121816,270,0,41,0,1,167,2
Bacteroides_uniformis_57318,700116028,700124561,448,981342,146759,639872,163,101,9002,38568,154,79,137757,601304,9,22,80015,1720339,3558,4875,110628,201,1,21,0,0,79,0
Bacteroides_uniformis_57318,700116730,700165224,1475,1121699,167749,731590,557,369,39430,169658,529,262,128319,561932,28,107,75073,1607660,3063,21941,485887,1146,1,106,0,4,258,0
Bacteroides_uniformis_57318,700116730,700172279,1307,1131011,169122,737618,506,339,35292,151106,484,244,133830,586512,22,95,78285,1677951,3300,19657,432710,951,3,92,0,7,237,0
Bacteroides_uniformis_57318,700116730,ERR911979,1066,1120576,167499,730766,404,239,30840,131556,381,188,136659,599210,23,51,80160,1713954,3516,16954,376925,789,0,51,0,4,184,0
Bacteroides_uniformis_57318,700116730,ERR911986,1439,1110694,166061,724239,535,364,42554,183116,508,270,123507,541123,27,94,72656,1547668,3045,23636,524509,1203,1,93,0,4,266,0
Bacteroides_uniformis_57318,700116865,ERR912001,58,961722,143817,626942,20,17,588,2417,14,2,143229,624525,6,15,83188,1786574,3813,303,6936,12,0,14,1,0,2,0
Bacteroides_uniformis_57318,700116865,ERR912052,60,961433,143907,626734,22,20,599,2483,15,2,143308,624251,7,18,83141,1785799,3813,308,7129,12,0,17,1,0,2,0
Bacteroides_uniformis_57318,700116865,ERR912099,51,961452,143900,626728,16,17,599,2475,12,2,143301,624253,4,15,83177,1785757,3825,308,7105,12,0,14,1,0,2,0
Bacteroides_uniformis_57318,700117239,1089279-24-0-0_,175,1014032,151031,661066,64,51,1868,7970,58,27,149163,653096,6,24,86859,1868580,3849,1056,22788,66,0,24,0,0,27,0
Bacteroides_uniformis_57318,700117239,ERR911966,1500,952520,141584,620963,565,378,28917,124706,538,318,112667,496257,27,60,66256,1419608,2907,16573,356705,840,0,60,0,5,313,0
Bacteroides_uniformis_57318,700117239,ERR911977,190,982355,146375,640521,69,58,1919,8183,60,27,144456,632338,9,31,84079,1809176,3759,1075,23408,66,0,31,0,0,27,0
Bacteroides_uniformis_57318,700117239,ERR911981,1033,969532,144357,632134,379,267,13797,58963,360,201,130560,573171,19,66,76556,1639582,3375,7675,168818,396,5,61,0,2,199,0
Bacteroides_uniformis_57318,700117239,ERR911994,1012,967247,143999,630666,385,251,16196,69439,360,200,127803,561227,25,51,74999,1605361,3321,8951,198925,441,2,49,0,2,198,0
Bacteroides_uniformis_57318,700117239,ERR912030,1007,965320,143647,629387,377,255,16275,70067,353,208,127372,559320,24,47,74777,1599901,3282,9101,200608,492,1,46,0,2,206,0
Bacteroides_uniformis_57318,700117239,ERR912041,1013,956894,142392,623836,395,237,16646,71366,377,197,125746,552470,18,40,73894,1580261,3255,9264,204354,480,1,39,0,2,195,0
Bacteroides_uniformis_57318,700117239,ERR912046,1227,959981,142853,625841,486,290,26430,113439,475,247,116423,512402,11,43,68664,1465518,3024,14814,324747,756,2,41,0,2,245,0
Bacteroides_uniformis_57318,700117239,ERR912084,968,968843,144117,631586,370,240,16137,69208,351,198,127980,562378,19,42,75168,1608627,3339,8997,198180,447,1,41,0,2,196,0
Bacteroides_uniformis_57318,700117239,ERR912110,1220,962927,143345,627778,477,291,24054,103566,448,241,119291,524212,29,50,70065,1499502,3069,13540,296447,711,1,49,0,2,239,0
Bacteroides_uniformis_57318,700117239,ERR912122,1436,965239,143652,629353,556,355,25711,110683,543,276,117941,518670,13,79,69496,1483481,3033,14404,316931,714,2,77,0,3,273,0
Bacteroides_uniformis_57318,700117239,SRR413627,1249,958854,142747,625186,475,324,26160,111860,456,275,116587,513326,19,49,68586,1468410,2982,14527,320306,747,1,48,0,2,273,0
Bacteroides_uniformis_57318,700117239,donald3-11-0-0_,966,993460,147788,647686,369,244,17258,73697,352,199,130530,573989,17,45,76830,1641765,3372,9395,211222,474,2,43,0,2,197,0
Bacteroides_uniformis_57318,700117766,700120753,70,1380283,207334,900181,14,43,1357,5555,6,4,205977,894626,8,39,117721,2561297,4860,654,15978,33,1,38,0,0,4,0
Bacteroides_uniformis_57318,700117766,ERR912067,249,1373247,206001,895476,76,86,2889,12666,59,31,203112,882810,17,55,116376,2527194,4860,1599,36318,81,2,53,0,0,31,0
Bacteroides_uniformis_57318,700117766,ERR912165,111,1389158,208365,905940,30,56,1362,6209,19,12,207003,899731,11,44,118504,2575706,4983,837,17778,12,1,43,0,0,12,0
Bacteroides_uniformis_57318,700120753,ERR912038,50,1389054,208687,905910,14,30,1357,5546,6,3,207330,900364,8,27,118413,2577807,4872,655,15950,33,1,26,0,0,3,0
Bacteroides_uniformis_57318,700120753,ERR912067,235,1366350,205128,890988,80,72,3548,15456,64,32,201580,875532,16,40,115312,2506559,4725,1951,44318,99,1,39,0,0,32,0
Bacteroides_uniformis_57318,700120753,ERR912165,95,1382394,207538,901562,32,41,2621,11333,24,15,204917,890229,8,26,117178,2548667,4842,1421,32539,39,0,26,0,0,15,0
Bacteroides_uniformis_57318,700120753,ERR912175,54,1374358,206297,896297,17,29,1347,5490,6,2,204950,890807,11,27,117327,2550267,4827,646,15791,33,2,25,0,0,2,0
Bacteroides_uniformis_57318,700161342,700171955,384,1001531,149436,653049,157,86,4773,21041,152,50,144663,632008,5,36,83887,1808468,3669,2812,60182,129,0,36,0,0,50,0
Bacteroides_uniformis_57318,700161342,ERR912065,249,1011620,151174,659692,102,65,6493,27957,94,44,144681,631735,8,21,83917,1807652,3636,3531,80205,135,0,21,0,0,44,0
Bacteroides_uniformis_57318,700161342,ERR912080,423,1007021,150232,656508,163,117,7301,31266,152,80,142931,625242,11,37,83112,1788939,3675,4172,89482,144,1,36,0,0,80,0
Bacteroides_uniformis_57318,700161342,SRR413650,310,1001975,149808,653328,106,89,4253,18017,92,50,145555,635311,14,39,84114,1818168,3651,2383,51557,111,1,38,0,0,50,0
Bacteroides_uniformis_57318,700161967,1089275-24-0-0_,259,1025525,152816,668822,80,89,1925,8162,65,39,150891,660660,15,50,87835,1890272,3873,1088,23353,45,0,50,0,0,39,0
Bacteroides_uniformis_57318,700161967,ERR912036,229,991163,147686,646296,80,81,7512,32903,68,40,140174,613393,12,41,81680,1754845,3654,4341,94164,204,2,39,0,0,40,0
Bacteroides_uniformis_57318,700161967,ERR912139,245,981521,146118,640067,82,91,3806,16603,64,38,142312,623464,18,53,83173,1783484,3735,2156,47566,87,1,52,0,0,38,0
Bacteroides_uniformis_57318,700163982,1089279-24-0-0_,180,1026616,152941,669165,70,48,1848,8015,58,21,151093,661150,12,27,87854,1891735,3861,1054,22928,63,0,27,0,0,21,0
Bacteroides_uniformis_57318,700163982,ERR911966,1533,961429,142853,626690,582,380,31490,135156,563,327,111363,491534,19,53,65966,1405771,2865,17624,386959,885,0,53,0,5,322,0
Bacteroides_uniformis_57318,700163982,ERR911977,198,991609,147749,646428,76,57,1939,8331,64,22,145810,638097,12,35,84821,1825693,3777,1090,23846,57,0,35,0,0,22,0
Bacteroides_uniformis_57318,700163982,ERR911981,1075,978624,145726,637928,406,276,17391,74361,389,211,128335,563567,17,65,75386,1612036,3279,9594,212991,498,5,60,0,2,209,0
Bacteroides_uniformis_57318,700163982,ERR911994,1057,976526,145382,636621,414,257,18997,81078,391,202,126385,555543,23,55,74355,1589016,3258,10383,232338,513,2,53,0,2,200,0
Bacteroides_uniformis_57318,700163982,ERR912030,1049,975084,145143,635626,402,264,16891,72747,376,209,128252,562879,26,55,75266,1610083,3288,9422,208324,495,1,54,0,2,207,0
Bacteroides_uniformis_57318,700163982,ERR912041,1052,966269,143762,629889,421,242,19382,82782,398,198,124380,547107,23,44,73338,1564788,3195,10609,237185,552,1,43,0,2,196,0
Bacteroides_uniformis_57318,700163982,ERR912046,1267,970028,144343,632295,503,299,26431,113202,480,245,117912,519093,23,54,69613,1484627,3039,14685,324168,753,2,52,0,2,243,0
Bacteroides_uniformis_57318,700163982,ERR912084,1006,978502,145536,637859,395,246,16013,68675,366,188,129523,569184,29,58,76127,1628059,3366,8870,196723,432,1,57,0,2,186,0
Bacteroides_uniformis_57318,700163982,ERR912110,1258,972268,144685,633782,495,300,23241,100109,460,243,121444,533673,35,57,71220,1526700,3099,13130,286510,687,1,56,0,2,241,0
Bacteroides_uniformis_57318,700163982,ERR912122,1476,974880,145052,635557,578,361,28324,122171,566,297,116728,513386,12,64,68830,1468370,2958,15874,349829,810,2,62,0,3,294,0
Bacteroides_uniformis_57318,700163982,SRR413627,1284,969577,144291,632088,494,331,26378,112850,472,279,117913,519238,22,52,69220,1485497,2997,14743,323063,744,1,51,0,2,277,0
Bacteroides_uniformis_57318,700163982,donald3-11-0-0_,1006,1004197,149384,654579,395,249,20519,87720,378,205,128865,566859,17,44,75900,1621413,3264,11222,251374,564,2,42,0,2,203,0
Bacteroides_uniformis_57318,700165224,700165407,936,1151580,172237,750960,355,247,23190,100426,338,192,149047,650534,17,55,86126,1861771,3705,13295,287425,558,0,55,0,1,191,0
Bacteroides_uniformis_57318,700165224,700172279,867,1162704,173756,758264,348,224,15993,67751,304,133,157763,690513,44,91,91712,1976029,3798,8699,194107,447,2,89,0,1,132,0
Bacteroides_uniformis_57318,700165224,ERR911986,66,1195859,178871,779794,28,24,239,1044,19,9,178632,778750,9,15,103041,2228784,4425,165,2958,9,0,15,0,0,9,0
Bacteroides_uniformis_57318,700165224,SRR341690,1472,1065590,158601,694798,616,337,37402,161872,567,265,121199,532926,49,72,71192,1524487,3099,21375,463290,951,3,69,0,2,263,0
Bacteroides_uniformis_57318,700165224,SRR413613,1484,1123258,167919,732453,608,348,38879,168351,565,277,129040,564102,43,71,74896,1614323,3087,22109,481930,1014,3,68,0,2,275,0
Bacteroides_uniformis_57318,700165407,700172279,1040,1143836,170959,745856,396,277,27794,119817,382,214,143165,626039,14,63,82938,1791588,3591,15937,342866,648,2,61,0,1,213,0
Bacteroides_uniformis_57318,700165407,ERR911986,902,1142275,170737,744739,341,229,19903,87183,319,172,150834,657556,22,57,87049,1881770,3849,11823,249252,474,0,57,0,1,171,0
Bacteroides_uniformis_57318,700165407,SRR341690,1585,1040625,154857,678336,635,381,28475,124369,579,299,126382,553967,56,82,73949,1584604,3348,16639,355778,690,2,80,0,1,298,0
Bacteroides_uniformis_57318,700165407,SRR413613,1611,1094905,163562,713848,641,396,32711,141779,612,325,130851,572069,29,71,75861,1636977,3369,18905,405697,735,2,69,0,1,324,0
Bacteroides_uniformis_57318,700166775,ERR911959,252,941970,140704,614351,103,56,1370,6048,93,26,139334,608303,10,30,80652,1740612,3645,837,17283,24,1,29,0,0,26,0
Bacteroides_uniformis_57318,700171955,ERR912065,481,985245,146954,642500,193,107,7853,34118,184,76,139101,608382,9,31,81023,1740532,3591,4395,97773,186,0,31,0,0,76,0
Bacteroides_uniformis_57318,700171955,ERR912080,504,979963,146014,638881,210,122,8656,37700,198,79,137358,601181,12,43,80083,1719842,3618,5050,107873,177,1,42,0,0,79,0
Bacteroides_uniformis_57318,700171955,SRR413650,532,972482,145187,634116,200,120,6445,27928,185,70,138742,606188,15,50,80515,1734482,3567,3691,79907,186,1,49,0,0,70,0
Bacteroides_uniformis_57318,700172279,ERR911986,830,1152245,172127,751274,328,215,19267,83178,292,133,152860,668096,36,82,88765,1911749,3774,10994,238036,504,2,80,0,1,132,0
Bacteroides_uniformis_57318,700172279,ERR912075,1355,1141509,170516,744431,523,342,32371,139110,489,248,138145,605321,34,94,80797,1731743,3423,18169,398300,861,3,91,0,6,242,0
Bacteroides_uniformis_57318,700172279,SRR341690,1521,1047705,155827,683061,613,360,33630,146059,566,282,122197,537002,47,78,71669,1536190,3147,19542,417789,846,4,74,0,3,279,0
Bacteroides_uniformis_57318,ERR911957,ERR912112,1208,950026,141621,619467,440,292,21306,91732,430,246,120315,527735,10,46,70512,1509429,3264,12007,262673,516,0,46,0,2,244,0
Bacteroides_uniformis_57318,ERR911966,1089279-24-0-0_,1484,1013168,151247,660477,555,362,39259,168329,550,322,111988,492148,5,40,65892,1407780,2772,22015,481853,1119,0,40,0,5,317,0
Bacteroides_uniformis_57318,ERR911966,ERR911977,1539,1004343,149986,654823,579,380,36261,155350,573,335,113725,499473,6,45,66871,1428713,2835,20307,444696,1047,0,45,0,5,330,0
Bacteroides_uniformis_57318,ERR911966,ERR911981,1130,1014199,151388,661219,424,303,17720,76740,396,214,133668,584479,28,89,77553,1672512,3372,10579,219131,510,5,84,0,2,212,0
Bacteroides_uniformis_57318,ERR911966,ERR911994,1086,1012639,151190,660154,419,293,16913,72787,394,219,134277,587367,25,74,78087,1680633,3381,9815,208045,501,1,73,0,3,216,0
Bacteroides_uniformis_57318,ERR911966,ERR912030,1108,1011123,150919,659160,435,294,17348,74146,407,218,133571,585014,28,76,77903,1673749,3390,9961,211988,489,1,75,0,2,216,0
Bacteroides_uniformis_57318,ERR911966,ERR912041,1064,1003095,149661,653972,409,268,20188,87305,383,206,129473,566667,26,62,75222,1621530,3249,11962,249359,594,1,61,0,2,204,0
Bacteroides_uniformis_57318,ERR911966,ERR912046,694,1016132,151536,662492,266,194,14846,63585,254,150,136690,598907,12,44,80020,1713263,3438,8384,181909,462,2,42,0,2,148,0
Bacteroides_uniformis_57318,ERR911966,ERR912084,977,1017626,151781,663446,385,263,18318,79532,362,194,133463,583914,23,69,77478,1670901,3363,10947,227109,540,1,68,0,2,192,0
Bacteroides_uniformis_57318,ERR911966,ERR912110,682,1020236,152210,665196,258,191,13848,59220,241,142,138362,605976,17,49,80780,1733659,3489,7819,169424,417,1,48,0,2,140,0
Bacteroides_uniformis_57318,ERR911966,ERR912122,1399,1013954,151354,661037,566,350,26310,114105,542,259,125044,546932,24,91,72771,1564797,3228,15333,326298,684,2,89,0,3,256,0
Bacteroides_uniformis_57318,ERR911966,donald3-11-0-0_,1034,1016863,151605,662896,395,277,19417,84243,375,214,132188,578653,20,63,76786,1655858,3315,11481,240681,567,1,62,0,3,211,0
Bacteroides_uniformis_57318,ERR911967,ERR912002,1119,1002609,149691,653882,421,271,28452,123651,395,224,121239,530231,26,47,70501,1517105,3087,16272,353973,708,1,46,0,3,220,1
Bacteroides_uniformis_57318,ERR911967,ERR912033,1102,992725,148349,647524,423,263,23238,101400,389,213,125111,546124,34,50,72494,1562713,3165,13388,290194,618,1,49,0,3,209,1
Bacteroides_uniformis_57318,ERR911977,ERR911981,993,1023008,153062,667119,355,264,16150,68655,338,187,136912,598464,17,77,79822,1712081,3489,8818,196715,432,5,72,0,2,185,0
Bacteroides_uniformis_57318,ERR911977,ERR911994,968,1029183,153957,671128,363,249,15525,66143,338,185,138432,604985,25,64,80602,1730846,3507,8471,189544,414,2,62,0,2,183,0
Bacteroides_uniformis_57318,ERR911977,ERR912030,969,1027529,153729,670060,357,255,14126,60311,324,184,139603,609749,33,71,81146,1744543,3558,7797,172764,372,1,70,0,2,182,0
Bacteroides_uniformis_57318,ERR911977,ERR912041,966,1017033,152021,663214,370,233,16036,68389,336,180,135985,594825,34,53,79207,1701830,3438,8956,195770,441,1,52,0,2,178,0
Bacteroides_uniformis_57318,ERR911977,ERR912046,1269,1021963,152772,666427,489,308,27470,117750,472,251,125302,548677,17,57,73165,1569686,3180,15497,337006,747,2,55,0,2,249,0
Bacteroides_uniformis_57318,ERR911977,ERR912084,927,1025040,153210,668412,343,239,14766,63136,314,178,138444,605276,29,61,80588,1731733,3507,8188,180800,420,1,60,0,2,176,0
Bacteroides_uniformis_57318,ERR911977,ERR912110,1265,1028001,153732,670375,483,310,29481,126411,461,258,124251,543964,22,52,72509,1556218,3165,16533,361905,795,1,51,0,2,256,0
Bacteroides_uniformis_57318,ERR911977,ERR912122,1398,1028797,153847,670898,531,356,24137,104259,506,281,129710,566639,25,75,75511,1621133,3273,13626,298500,651,2,73,0,3,278,0
Bacteroides_uniformis_57318,ERR911977,donald3-11-0-0_,907,1026223,153311,669204,345,234,17739,75109,326,179,135572,594095,19,55,79323,1699518,3444,9541,215324,462,1,54,0,3,176,0
Bacteroides_uniformis_57318,ERR911979,ERR912075,1116,1192784,178164,777824,429,240,28452,120903,403,188,149712,656921,26,52,88085,1878826,3852,15429,346614,666,0,52,0,4,184,0
Bacteroides_uniformis_57318,ERR911981,1089279-24-0-0_,956,1034338,154822,674396,341,251,16107,68587,324,181,138715,605809,17,70,80802,1733136,3489,8836,196463,462,5,65,0,3,178,0
Bacteroides_uniformis_57318,ERR911981,ERR911994,189,1038555,155331,677230,53,75,1837,7842,43,36,153494,669388,10,39,89020,1915229,3915,1027,22451,48,5,34,0,0,36,0
Bacteroides_uniformis_57318,ERR911981,ERR912030,209,1037017,155060,676227,64,76,1965,8361,55,35,153095,667866,9,41,88881,1910802,3915,1079,23956,48,4,37,0,0,35,0
Bacteroides_uniformis_57318,ERR911981,ERR912041,245,1023712,152959,667483,75,78,2995,12693,64,33,149964,654790,11,45,87148,1873388,3834,1718,36292,69,4,41,0,0,33,0
Bacteroides_uniformis_57318,ERR911981,ERR912046,743,1025460,153171,668595,299,184,15349,66815,285,128,137822,601780,14,56,80064,1721760,3516,9113,190903,429,5,51,0,0,128,0
Bacteroides_uniformis_57318,ERR911981,ERR912084,245,1041518,155663,679141,64,86,1812,7891,56,38,153851,671250,8,48,89313,1920510,3927,1054,22574,45,4,44,0,0,38,0
Bacteroides_uniformis_57318,ERR911981,ERR912110,739,1031159,154101,672355,290,188,15534,67800,273,125,138567,604555,17,63,80210,1729909,3546,9297,193680,423,4,59,0,0,125,0
Bacteroides_uniformis_57318,ERR911981,ERR912122,773,1033083,154485,673676,281,227,13186,56890,266,152,141299,616786,15,75,82098,1764633,3627,7556,162796,318,3,72,0,1,151,0
Bacteroides_uniformis_57318,ERR911981,donald3-11-0-0_,225,1041948,155681,679374,66,90,2633,11252,61,43,153048,668122,5,47,88842,1911642,3882,1476,32205,75,3,44,0,2,41,0
Bacteroides_uniformis_57318,ERR911994,1089279-24-0-0_,922,1032464,154393,673203,346,235,20012,85113,327,184,134381,588090,19,51,78589,1682285,3396,10826,243976,537,2,49,0,3,181,0
Bacteroides_uniformis_57318,ERR911994,ERR912030,53,1046482,156471,682391,20,24,128,493,11,1,156343,681898,9,23,90643,1951061,3990,45,1434,0,1,22,0,0,1,0
Bacteroides_uniformis_57318,ERR911994,ERR912041,234,1032025,154184,672913,81,79,2365,9916,70,50,151819,662997,11,29,88227,1896888,3876,1317,28377,54,1,28,0,0,50,0
Bacteroides_uniformis_57318,ERR911994,ERR912046,648,1030748,153989,672098,280,151,13003,56179,263,113,140986,615919,17,38,81984,1762185,3588,7501,160658,378,1,37,0,1,112,0
Bacteroides_uniformis_57318,ERR911994,ERR912084,199,1039781,155361,678029,65,66,1701,7223,57,34,153660,670806,8,32,89188,1919297,3933,960,20661,48,1,31,0,0,34,0
Bacteroides_uniformis_57318,ERR911994,ERR912110,646,1036627,154950,675937,273,154,9711,42233,251,106,145239,633704,22,48,84115,1813271,3726,5754,120681,264,0,48,0,1,105,0
Bacteroides_uniformis_57318,ERR911994,ERR912122,620,1042287,155840,679695,240,177,11128,48124,226,115,144712,631571,14,62,83945,1807036,3732,6390,137727,255,1,61,0,2,113,0
Bacteroides_uniformis_57318,ERR911994,donald3-11-0-0_,81,1042852,155770,679975,23,40,618,2724,17,6,155152,677251,6,34,89933,1937866,3954,376,7778,18,2,32,0,0,6,0
Bacteroides_uniformis_57318,ERR912005,ERR912073,24,1082182,161874,705710,6,16,189,809,3,2,161685,704901,3,14,93434,2017219,4050,122,2302,3,3,11,0,0,2,0
Bacteroides_uniformis_57318,ERR912023,ERR912182,415,995568,148365,649357,169,106,10206,43905,150,71,138159,605452,19,35,80884,1731968,3504,5573,125806,336,4,31,0,0,71,0
Bacteroides_uniformis_57318,ERR912023,ERR912187,209,1020449,152284,665707,74,58,3238,13687,67,35,149046,652020,7,23,86726,1865548,3786,1749,39234,78,0,23,0,1,34,0
Bacteroides_uniformis_57318,ERR912024,ERR912071,711,1052066,157204,686161,261,184,10423,45231,248,127,146781,640930,13,57,85011,1834143,3636,6040,129401,252,2,55,0,1,126,0
Bacteroides_uniformis_57318,ERR912024,ERR912077,776,1058744,158168,690404,286,184,13918,60087,277,136,144250,630317,9,48,83839,1803599,3513,7735,172106,420,2,45,1,0,136,0
Bacteroides_uniformis_57318,ERR912030,1089279-24-0-0_,929,1031004,154187,672179,340,245,17734,75792,320,185,136453,596387,20,60,79630,1706063,3468,9755,217147,474,1,59,0,3,182,0
Bacteroides_uniformis_57318,ERR912030,ERR912041,252,1030652,153957,671993,92,80,2610,11003,82,50,151347,660990,10,30,87982,1891130,3858,1466,31489,54,0,30,0,0,50,0
Bacteroides_uniformis_57318,ERR912030,ERR912046,651,1029800,153841,671468,279,156,10410,44973,264,111,143431,626495,15,45,83413,1792412,3660,6075,128550,294,1,44,0,0,111,0
Bacteroides_uniformis_57318,ERR912030,ERR912084,209,1038147,155128,676912,72,68,1779,7520,65,32,153349,669392,7,36,89102,1915162,3912,978,21540,42,0,36,0,0,32,0
Bacteroides_uniformis_57318,ERR912030,ERR912110,647,1035048,154717,674848,272,157,10601,45954,254,107,144116,628894,18,50,83527,1799474,3681,6266,131305,291,0,50,0,0,107,0
Bacteroides_uniformis_57318,ERR912030,ERR912122,633,1040556,155565,678522,248,179,10696,46141,232,107,144869,632381,16,72,84085,1809329,3729,6155,132022,246,1,71,0,1,106,0
Bacteroides_uniformis_57318,ERR912030,donald3-11-0-0_,99,1040436,155343,678388,33,43,766,3257,28,6,154577,675131,5,37,89817,1931637,3939,412,9335,24,1,36,0,0,6,0
Bacteroides_uniformis_57318,ERR912036,1089275-24-0-0_,429,1047049,156463,682815,152,137,9739,42295,137,85,146724,640520,15,52,85191,1832601,3768,5590,121031,264,2,50,0,0,85,0
Bacteroides_uniformis_57318,ERR912038,ERR912067,234,1429754,214424,932291,76,74,2790,12204,56,28,211634,920087,20,46,121396,2633843,5022,1532,35002,78,2,44,0,0,28,0
Bacteroides_uniformis_57318,ERR912038,ERR912165,90,1445614,216768,942697,30,42,1362,6207,18,12,215406,936490,12,30,123418,2680889,5163,837,17772,12,1,29,0,0,12,0
Bacteroides_uniformis_57318,ERR912041,1089279-24-0-0_,929,1016840,151990,662882,359,216,19971,84942,340,168,132019,577940,19,48,77315,1653169,3336,10841,243442,543,1,47,0,3,165,0
Bacteroides_uniformis_57318,ERR912041,ERR912046,682,1020440,152374,665333,293,151,13393,58383,278,120,138981,606950,15,31,80517,1736778,3555,8182,166601,366,1,30,0,0,120,0
Bacteroides_uniformis_57318,ERR912041,ERR912084,217,1027466,153434,669901,74,61,1715,7171,63,40,151719,662730,11,21,88215,1896078,3897,961,20513,39,0,21,0,0,40,0
Bacteroides_uniformis_57318,ERR912041,ERR912110,679,1024025,152938,667700,287,153,16187,70859,268,120,136751,596841,19,33,79029,1707993,3501,9914,202243,420,0,33,0,0,120,0
Bacteroides_uniformis_57318,ERR912041,ERR912122,748,1030903,154018,672246,290,209,12013,51807,274,152,142005,620439,16,57,82510,1775180,3627,6995,148147,279,1,56,0,1,151,0
Bacteroides_uniformis_57318,ERR912041,donald3-11-0-0_,216,1026249,153178,669075,77,72,2075,8831,68,52,151103,660244,9,20,87856,1889039,3837,1153,25283,57,0,20,0,1,51,0
Bacteroides_uniformis_57318,ERR912042,ERR912071,735,1045746,156254,681972,265,199,10318,45108,250,136,145936,636864,15,63,84403,1822613,3576,6006,129030,288,2,61,0,1,135,0
Bacteroides_uniformis_57318,ERR912042,ERR912077,804,1054485,157574,687590,294,199,15109,65461,283,142,142465,622129,11,57,82713,1780233,3441,8445,187467,471,2,54,1,0,142,0
Bacteroides_uniformis_57318,ERR912046,1089279-24-0-0_,1223,1023440,152964,667282,473,291,33469,143243,465,254,119495,524039,8,37,70183,1498919,3015,18631,410180,918,2,35,0,3,251,0
Bacteroides_uniformis_57318,ERR912046,ERR912084,697,1028254,153497,670496,289,165,14916,65134,277,126,138581,605362,12,39,80453,1732090,3543,8967,186015,420,1,38,0,0,126,0
Bacteroides_uniformis_57318,ERR912046,ERR912122,1126,1030236,153847,671814,483,261,22966,99621,473,200,130881,572193,10,61,76122,1637085,3372,13446,284844,573,2,59,0,1,199,0
Bacteroides_uniformis_57318,ERR912046,donald3-11-0-0_,608,1027664,153293,670018,264,139,13091,56576,252,105,140202,613442,12,34,81694,1755077,3555,7579,161765,384,1,33,0,1,104,0
Bacteroides_uniformis_57318,ERR912065,ERR912080,532,1043839,155786,680607,206,141,10903,46931,200,108,144883,633676,6,33,84499,1812839,3690,6149,134425,219,1,32,0,0,108,0
Bacteroides_uniformis_57318,ERR912067,ERR912165,280,1420752,212939,926331,96,84,4331,19282,77,42,208608,907049,19,42,119786,2596384,4977,2494,55256,96,1,41,0,0,42,0
Bacteroides_uniformis_57318,ERR912067,ERR912175,239,1410715,211383,919877,81,72,2960,12992,60,30,208423,906885,21,42,119800,2595884,4971,1643,37252,81,3,39,0,0,30,0
Bacteroides_uniformis_57318,ERR912069,ERR912081,611,1012543,151115,660223,247,145,12777,54819,239,117,138338,605404,8,28,81165,1731486,3561,6784,157328,345,1,27,0,0,117,0
Bacteroides_uniformis_57318,ERR912071,ERR912077,782,1046998,156425,682735,306,190,14519,62472,295,144,141906,620263,11,46,82467,1774755,3567,8117,178963,336,4,41,1,1,143,0
Bacteroides_uniformis_57318,ERR912084,1089279-24-0-0_,896,1035264,154667,674995,337,225,16586,70764,315,175,138081,604231,22,50,80617,1728560,3516,9129,202713,450,1,49,0,3,172,0
Bacteroides_uniformis_57318,ERR912084,ERR912110,694,1033376,154364,673801,283,165,12600,55073,273,127,141764,618728,10,38,82061,1770502,3621,7644,157233,342,0,38,0,0,127,0
Bacteroides_uniformis_57318,ERR912084,ERR912122,722,1036714,154856,676051,274,198,11747,50683,261,146,143109,625368,13,52,83222,1789192,3690,6764,145000,285,1,51,0,1,145,0
Bacteroides_uniformis_57318,ERR912084,donald3-11-0-0_,171,1044050,155814,680733,57,58,1701,7279,53,32,154113,673454,4,26,89577,1926867,3918,951,20835,51,1,25,0,0,32,0
Bacteroides_uniformis_57318,ERR912110,1089279-24-0-0_,1223,1026651,153499,669388,468,295,30042,128536,457,253,123457,540852,11,42,72275,1547164,3117,16636,368156,816,1,41,0,3,250,0
Bacteroides_uniformis_57318,ERR912110,ERR912122,1118,1036110,154788,675609,473,262,22170,96037,457,206,132618,579572,16,56,77039,1658254,3423,12864,274692,555,1,55,0,1,205,0
Bacteroides_uniformis_57318,ERR912110,donald3-11-0-0_,605,1031102,153892,672294,257,143,13417,58125,242,106,140475,614169,15,37,81566,1757359,3582,7858,166139,378,0,37,0,1,105,0
Bacteroides_uniformis_57318,ERR912122,1089279-24-0-0_,1342,1029853,153991,671469,514,334,28109,120569,500,265,125882,550900,14,69,73657,1575905,3138,15619,345323,765,2,67,0,4,261,0
Bacteroides_uniformis_57318,ERR912122,donald3-11-0-0_,592,1038393,155020,677107,231,170,10732,46336,221,111,144288,630771,10,59,83894,1804729,3690,6143,132607,258,1,58,0,2,109,0
Bacteroides_uniformis_57318,ERR912139,1089275-24-0-0_,438,1029296,153610,671266,150,143,5961,25793,127,80,147649,645473,23,63,86012,1846588,3819,3346,73886,147,1,62,0,0,80,0
Bacteroides_uniformis_57318,ERR912165,ERR912175,91,1429146,214120,931974,31,40,1362,6208,18,11,212758,925766,13,29,122179,2650010,5109,841,17771,12,2,27,0,0,11,0
Bacteroides_uniformis_57318,ERR912182,ERR912187,404,1007235,150081,656910,157,110,10024,43209,147,74,140057,613701,10,36,82137,1755396,3570,5487,123834,306,4,32,0,1,73,0
Bacteroides_uniformis_57318,SRR341621,SRR413600,18,726732,107988,473783,8,8,89,392,2,1,107899,473391,6,7,63601,1353449,3123,44,1132,0,0,7,0,0,1,0
Bacteroides_uniformis_57318,SRR341621,SRR413622,99,729359,108415,475454,37,22,970,4290,30,10,107445,471164,7,12,63368,1347010,3114,557,12292,21,0,12,0,0,10,0
Bacteroides_uniformis_57318,SRR341621,SRR413626,1199,708733,105323,462111,462,280,20525,88642,438,239,84798,373469,24,41,50283,1067598,2526,11788,253616,522,0,41,0,0,239,0
Bacteroides_uniformis_57318,SRR341624,ERR912024,1102,863134,127210,561627,369,254,23871,105858,357,210,103339,455769,12,44,62531,1301920,2856,14360,302506,708,0,44,0,2,208,0
Bacteroides_uniformis_57318,SRR341624,ERR912042,1114,860212,126671,559718,366,270,20257,89200,346,202,106414,470518,20,68,64710,1343901,2943,11959,255029,612,1,67,0,1,201,0
Bacteroides_uniformis_57318,SRR341624,ERR912071,1112,857942,126403,558304,388,268,20355,89806,374,232,106048,468498,14,36,64284,1338195,3015,12169,256733,516,0,36,0,5,227,0
Bacteroides_uniformis_57318,SRR341624,ERR912077,1031,860229,126696,559700,333,246,17102,75204,317,192,109594,484496,16,54,66575,1383850,3063,10074,215034,504,2,51,1,1,191,0
Bacteroides_uniformis_57318,SRR341624,SRR413615,981,858026,126276,558317,332,239,17615,77826,321,201,108661,480491,11,38,65763,1372632,3078,10621,222392,465,0,38,0,3,198,0
Bacteroides_uniformis_57318,SRR341624,SRR413663,495,863253,127244,561727,149,142,11108,50031,142,114,116136,511696,7,28,69881,1461928,3279,6891,142947,255,0,28,0,2,112,0
Bacteroides_uniformis_57318,SRR341632,SRR341716,1063,927910,136309,604331,388,280,20914,91140,373,240,115395,513191,15,40,70169,1466146,3258,12083,260821,516,1,39,0,1,239,0
Bacteroides_uniformis_57318,SRR341639,SRR413579,211,764475,113664,498432,76,53,5767,26936,69,36,107897,471496,7,17,63097,1348253,3138,4057,76619,132,0,17,0,0,36,0
Bacteroides_uniformis_57318,SRR341690,ERR911986,1471,1087098,161692,708668,609,329,33245,144537,556,251,128447,564131,53,78,75501,1613538,3354,19164,413628,819,3,75,0,2,249,0
Bacteroides_uniformis_57318,SRR341690,SRR413613,33,1094719,162976,713675,14,7,1227,5151,12,1,161749,708524,2,6,94580,2026867,4125,639,14775,39,0,6,0,0,1,0
Bacteroides_uniformis_57318,SRR341693,SRR341708,872,973071,144664,634507,306,237,16713,71809,297,183,127951,562698,9,54,75374,1609444,3276,9369,205632,426,2,52,0,1,182,0
Bacteroides_uniformis_57318,SRR341693,SRR341718,883,976799,145307,637079,311,236,18658,80122,302,183,126649,556957,9,53,74520,1593141,3210,10413,229464,489,2,51,0,1,182,0
Bacteroides_uniformis_57318,SRR341709,SRR341716,1128,982837,145974,640747,415,294,23804,102845,404,265,122170,537902,11,29,72374,1538071,3261,13464,294543,528,1,28,0,2,263,0
Bacteroides_uniformis_57318,SRR341716,SRR341719,1117,962491,142739,627410,405,295,22492,97205,396,264,120247,530205,9,31,71580,1515759,3276,12721,278387,507,1,30,0,2,262,0
Bacteroides_uniformis_57318,SRR413557,SRR413600,12,847536,126110,552530,3,7,89,389,1,1,126021,552141,2,6,73795,1579193,3435,44,1123,0,0,6,0,0,1,0
Bacteroides_uniformis_57318,SRR413557,SRR413622,107,953168,142115,621470,35,25,2182,8924,35,16,139933,612546,0,9,81507,1752558,3573,1108,25625,39,0,9,0,0,16,0
Bacteroides_uniformis_57318,SRR413557,SRR413626,1288,971209,144811,633283,505,287,21405,92098,492,256,123406,541185,13,31,71799,1548582,3174,12114,263706,474,0,31,0,0,256,0
Bacteroides_uniformis_57318,SRR413562,SRR413618,180,835161,124444,544762,51,53,2008,8891,40,30,122436,535871,11,23,71528,1532815,3270,1149,25458,66,0,23,0,0,30,0
Bacteroides_uniformis_57318,SRR413562,SRR413659,178,840319,125247,548157,46,59,2168,9590,41,31,123079,538567,5,28,71860,1540574,3267,1255,27440,75,0,28,0,0,31,0
Bacteroides_uniformis_57318,SRR413575,ERR912125,1168,1028843,153495,670626,447,301,32986,142041,421,233,120509,528585,26,68,70644,1511934,3177,18484,406862,777,2,66,0,3,230,0
Bacteroides_uniformis_57318,SRR413578,ERR912100,1322,967315,143971,630731,539,313,36343,156564,520,244,107628,474167,19,69,64016,1355566,2919,20451,448248,993,3,66,0,3,241,0
Bacteroides_uniformis_57318,SRR413600,SRR413622,97,836844,124411,545511,33,23,1049,4610,30,11,123362,540901,3,12,72428,1546819,3456,594,13215,21,0,12,0,0,11,0
Bacteroides_uniformis_57318,SRR413600,SRR413626,1244,819756,121877,534460,484,280,20514,88415,465,249,101363,446045,19,31,59753,1275457,2925,11708,253048,489,0,31,0,0,249,0
Bacteroides_uniformis_57318,SRR413613,ERR911986,1479,1143456,170799,745476,600,340,32205,139642,545,261,138594,605834,55,79,80601,1733472,3429,18492,399612,822,3,76,0,2,259,0
Bacteroides_uniformis_57318,SRR413615,ERR912024,1070,1036537,154714,675952,392,230,14288,60976,364,167,140426,614976,28,63,81948,1759536,3444,7809,174738,381,0,63,0,1,166,0
Bacteroides_uniformis_57318,SRR413615,ERR912042,1098,1037150,154784,676271,402,248,17329,74827,383,188,137455,601444,19,60,80071,1720922,3339,9602,214390,489,0,60,0,1,187,0
Bacteroides_uniformis_57318,SRR413615,ERR912071,1069,1026726,153240,669559,414,228,14970,64530,393,181,138270,605029,21,47,80534,1731136,3417,8367,184872,351,2,45,0,2,179,0
Bacteroides_uniformis_57318,SRR413615,ERR912077,1047,1036466,154697,675854,382,240,16407,69792,360,192,138290,606062,22,48,80852,1733929,3405,8858,200083,435,2,45,1,1,191,0
Bacteroides_uniformis_57318,SRR413615,SRR413663,752,1021516,152382,666242,294,159,9630,41035,275,127,142752,625207,19,32,83113,1789028,3480,5283,117564,258,0,32,0,1,126,0
Bacteroides_uniformis_57318,SRR413622,SRR413626,1273,925325,137761,603350,498,282,21141,91023,489,251,116620,512327,9,31,68251,1465628,3102,12019,260573,477,0,31,0,0,251,0
Bacteroides_uniformis_57318,SRR413627,1089279-24-0-0_,1241,1027516,153708,669974,466,316,24158,102941,446,256,129550,567033,20,60,75276,1622562,3261,13476,294711,636,1,59,0,3,253,0
Bacteroides_uniformis_57318,SRR413627,ERR911966,813,1006703,150253,656337,286,244,12701,54079,268,187,137552,602258,18,57,80157,1723155,3462,7052,154792,393,1,56,0,2,185,0
Bacteroides_uniformis_57318,SRR413627,ERR911977,1281,1009009,150928,657949,477,331,23128,98465,450,262,127800,559484,27,69,74339,1600840,3273,12894,281886,615,1,68,0,2,260,0
Bacteroides_uniformis_57318,SRR413627,ERR911981,774,1018413,152344,664087,296,212,15474,67308,280,148,136870,596779,16,64,78999,1707891,3447,9148,192350,426,4,60,0,0,148,0
Bacteroides_uniformis_57318,SRR413627,ERR911994,742,1016170,151896,662647,292,194,13417,58341,274,144,138479,604306,18,50,80152,1729256,3510,7789,166853,381,0,50,0,1,143,0
Bacteroides_uniformis_57318,SRR413627,ERR912030,749,1014180,151620,661291,299,195,14154,61451,285,142,137466,599840,14,53,79665,1716351,3504,8222,175732,399,0,53,0,0,142,0
Bacteroides_uniformis_57318,SRR413627,ERR912041,801,1003908,149911,654568,321,200,16251,71105,303,158,133660,583463,18,42,77226,1669776,3387,9812,203047,456,0,42,0,0,158,0
Bacteroides_uniformis_57318,SRR413627,ERR912046,408,1020411,152429,665450,136,124,8512,36539,124,94,143917,628911,12,30,83714,1799386,3633,4728,104613,276,1,29,0,0,94,0
Bacteroides_uniformis_57318,SRR413627,ERR912084,746,1019142,152283,664547,299,186,15828,69046,287,140,136455,595501,12,46,78938,1704121,3444,9326,197374,438,0,46,0,0,140,0
Bacteroides_uniformis_57318,SRR413627,ERR912110,414,1024789,153160,668267,138,129,8396,36088,123,93,144764,632179,15,36,84059,1808827,3651,4671,103317,276,0,36,0,0,93,0
Bacteroides_uniformis_57318,SRR413627,ERR912122,1200,1014320,151645,661424,491,296,28103,121131,470,231,123542,540293,21,65,71774,1545961,3144,16054,346604,735,1,64,0,1,230,0
Bacteroides_uniformis_57318,SRR413627,donald3-11-0-0_,689,1029924,153823,671576,271,185,10900,47596,253,131,142923,623980,18,54,82672,1785677,3591,6454,136031,303,1,53,0,0,131,0
Bacteroides_uniformis_57318,SRR413650,ERR912065,384,1031098,154259,672454,129,102,7665,32993,114,57,146594,639461,15,45,84917,1829815,3651,4251,94548,180,1,44,0,0,57,0
Bacteroides_uniformis_57318,SRR413650,ERR912080,599,1030892,153993,672158,225,160,9300,40075,201,102,144693,632083,24,58,84061,1808483,3705,5310,114726,189,1,57,0,1,101,0
Bacteroides_uniformis_57318,SRR413663,ERR912024,744,1029319,153746,671295,261,163,11149,48357,247,111,142597,622938,14,52,82757,1782640,3417,6301,138395,375,0,52,0,0,111,0
Bacteroides_uniformis_57318,SRR413663,ERR912042,773,1025477,153188,668701,273,181,12310,53334,255,121,140878,615367,18,60,81684,1761033,3384,6966,152643,393,0,60,0,0,121,0
Bacteroides_uniformis_57318,SRR413663,ERR912071,804,1018251,152083,664076,302,191,9811,42316,281,142,142272,621760,21,49,82612,1779152,3516,5567,121141,240,2,47,0,1,141,0
Bacteroides_uniformis_57318,SRR413663,ERR912077,776,1024062,152952,667816,284,168,13334,57108,266,128,139618,610708,18,40,81456,1747248,3420,7194,163761,369,2,37,1,0,128,0
