species_name,sample 1,sample 2,core_diff,core_len,core_len_4D,core_len_1D,core_diff_4D,core_diff_1D,recomb_len_4D,recomb_len_1D,recomb_diff_4D,recomb_diff_1D,clonal_len_4D,clonal_len_1D,clonal_diff_4D,clonal_diff_1D,clonal_n,clonal_m,clonal_nn,recomb_n,recomb_m,recomb_nn,clonal_mut_n,clonal_mut_m,clonal_mut_nn,recomb_mut_n,recomb_mut_m,recomb_mut_nn
Bacteroides_massiliensis_44749,700013672,700015250,891,2297385,321997,1494786,328,227,21492,99485,285,106,300505,1395301,43,121,213710,3964078,8115,15221,282706,528,1,120,0,1,105,0
Bacteroides_massiliensis_44749,700013672,700015415,835,2295537,321743,1493554,295,239,19367,88048,232,115,302376,1405506,63,124,215699,3992632,8187,13130,250570,444,1,123,0,1,114,0
Bacteroides_massiliensis_44749,700013672,700021123,465,2297342,321963,1494748,149,157,8148,36397,119,47,313815,1458351,30,110,223455,4143129,8469,5498,103528,165,1,109,0,0,47,0
Bacteroides_massiliensis_44749,700013672,700023113,551,2297603,322013,1494917,183,170,13015,59066,155,63,308998,1435851,28,107,220013,4079185,8355,8988,167913,297,0,107,0,1,62,0
Bacteroides_massiliensis_44749,700013672,700024024,626,2295576,321655,1493604,198,208,11533,52939,159,81,310122,1440665,39,127,220695,4092912,8388,8119,150425,273,2,125,0,1,80,0
Bacteroides_massiliensis_44749,700013672,700024141,647,2298542,322186,1495526,218,196,14483,65518,180,77,307703,1430008,38,119,219188,4062499,8337,9855,186369,330,1,118,0,1,76,0
Bacteroides_massiliensis_44749,700013672,700024711,670,2289267,320751,1489457,227,209,13912,62785,184,96,306839,1426672,43,113,218824,4052885,8307,9418,178622,315,2,111,0,1,95,0
Bacteroides_massiliensis_44749,700013672,700033435,1189,2290507,321027,1490322,424,305,38149,174901,398,208,282878,1315421,26,97,201893,3736669,7701,26401,497357,945,0,97,0,2,206,0
Bacteroides_massiliensis_44749,700013672,700034166,1203,2292555,321431,1491633,422,321,39428,182436,370,223,282003,1309197,52,98,201086,3718912,7593,27365,518944,999,1,97,0,2,221,0
Bacteroides_massiliensis_44749,700013672,700035533,341,2293613,321497,1492300,114,107,7671,35557,94,58,313826,1456743,20,49,223122,4138686,8421,5431,101003,237,0,49,0,0,58,0
Bacteroides_massiliensis_44749,700013672,700035861,879,2288976,321321,1489436,302,239,21650,97989,253,123,299671,1391447,49,116,213020,3953530,7791,14874,278568,525,0,116,0,1,122,0
Bacteroides_massiliensis_44749,700013672,700037303,640,2298483,322183,1495500,205,220,11544,52920,166,78,310639,1442580,39,142,220930,4098434,8376,8114,150373,273,3,139,0,1,77,0
Bacteroides_massiliensis_44749,700013672,700095647,451,2297164,321942,1494627,135,159,10308,47292,118,86,311634,1447335,17,73,221856,4111770,8379,7108,134483,285,1,72,0,2,84,0
Bacteroides_massiliensis_44749,700013672,700097234,865,2284230,320552,1486311,319,220,20418,94301,275,103,300134,1392010,44,117,212975,3955135,7920,14391,268029,483,2,115,0,1,102,0
Bacteroides_massiliensis_44749,700013672,700098267,821,2287352,320701,1488301,288,236,15149,69634,249,97,305552,1418667,39,139,217158,4030701,8142,10605,197958,339,1,138,0,1,96,0
Bacteroides_massiliensis_44749,700013672,700098867,614,2294574,321819,1493007,205,190,12496,57381,163,78,309323,1435626,42,112,219735,4078869,8274,8827,163037,279,1,111,0,1,77,0
Bacteroides_massiliensis_44749,700013672,700105882,523,2298380,322179,1495453,176,171,13419,61891,127,60,308760,1433562,49,111,219757,4072589,8340,9275,176095,303,0,111,0,1,59,0
Bacteroides_massiliensis_44749,700013672,700105940,695,2291358,321305,1490907,241,210,18777,85471,197,92,302528,1405436,44,118,215493,3992646,8169,12800,243145,468,1,117,0,2,90,0
Bacteroides_massiliensis_44749,700013672,700107189,1133,2256869,314905,1468320,383,296,32254,149809,341,191,282651,1318511,42,105,203021,3744952,7560,22719,425925,783,1,104,0,0,191,0
Bacteroides_massiliensis_44749,700013672,700164249,896,2297430,322061,1494806,324,236,20596,94512,281,105,301465,1400294,43,131,214671,3978057,8154,14271,268758,507,2,129,0,1,104,0
Bacteroides_massiliensis_44749,700013672,700173320,949,2294786,321767,1493127,325,269,23176,107413,284,138,298591,1385714,41,131,212287,3936788,8067,16372,305288,579,2,129,0,0,138,0
Bacteroides_massiliensis_44749,700013672,700175331,566,2297367,321967,1494773,177,192,12354,55853,147,74,309613,1438920,30,118,220525,4087865,8370,8440,158828,291,1,117,0,1,73,0
Bacteroides_massiliensis_44749,700013672,ERR912165,631,2287224,320550,1488130,203,210,11527,52850,164,76,309023,1435280,39,134,219728,4077781,8331,8097,150183,270,2,132,0,1,75,0
Bacteroides_massiliensis_44749,700013672,ERR912195,105,2299163,322284,1495955,24,63,69,310,5,2,322215,1495645,19,61,229056,4249212,8667,42,888,0,1,60,0,0,2,0
Bacteroides_massiliensis_44749,700013672,SRR2822459,630,2296823,321992,1494427,193,216,11390,52221,155,76,310602,1442206,38,140,220856,4097416,8346,8010,148380,273,0,140,0,1,75,0
Bacteroides_massiliensis_44749,700013672,SRR413589,876,2294662,321634,1493000,313,226,21226,98319,281,105,300408,1394681,32,121,213648,3962313,8082,15043,279389,525,1,119,1,1,104,0
Bacteroides_massiliensis_44749,700015250,700015415,982,2305955,323205,1500381,360,265,22077,101321,295,120,301128,1399060,65,145,214806,3974241,8133,15104,288289,570,2,143,0,0,120,0
Bacteroides_massiliensis_44749,700015250,700021123,770,2306865,323306,1500996,280,208,15946,73922,244,80,307360,1427074,36,128,218611,4054316,8295,11295,210081,390,1,127,0,0,80,0
Bacteroides_massiliensis_44749,700015250,700023113,534,2309502,323679,1502721,190,157,11023,51250,163,53,312656,1451471,27,104,222336,4123611,8466,7836,145650,264,1,103,0,0,53,0
Bacteroides_massiliensis_44749,700015250,700024024,511,2307484,323326,1501397,176,152,10049,46997,145,51,313277,1454400,31,101,222811,4131902,8487,7200,133539,252,3,98,0,0,51,0
Bacteroides_massiliensis_44749,700015250,700024141,806,2309165,323668,1502480,283,227,17701,81493,241,93,305967,1420987,42,134,217848,4036827,8286,12272,231751,456,2,132,0,0,93,0
Bacteroides_massiliensis_44749,700015250,700024711,659,2299799,322225,1496368,244,179,14684,68019,208,82,307541,1428349,36,97,218960,4057789,8298,10355,193309,393,3,94,0,0,82,0
Bacteroides_massiliensis_44749,700015250,700033435,1404,2301622,322607,1497598,499,362,47692,219980,455,236,274915,1277618,44,126,196124,3629227,7503,33281,625456,1203,0,126,0,2,234,0
Bacteroides_massiliensis_44749,700015250,700034166,1368,2303798,323003,1499014,504,354,43754,202985,457,237,279249,1296029,47,117,199091,3681493,7503,30482,577312,1161,2,115,0,1,236,0
Bacteroides_massiliensis_44749,700015250,700035533,1011,2304280,323012,1499302,371,261,25219,116921,324,142,297793,1382381,47,119,211726,3927332,8085,17909,332224,630,1,118,0,1,141,0
Bacteroides_massiliensis_44749,700015250,700035861,887,2299938,322851,1496606,327,205,20928,95213,285,111,301923,1401393,42,94,214601,3981730,7848,14393,270703,543,1,93,0,0,111,0
Bacteroides_massiliensis_44749,700015250,700037303,535,2308923,323643,1502343,187,169,10050,46901,158,54,313593,1455442,29,115,222943,4134911,8472,7170,133281,252,4,111,0,0,54,0
Bacteroides_massiliensis_44749,700015250,700095647,1139,2307646,323429,1501509,413,293,28623,132512,371,168,294806,1368997,42,125,209886,3889095,8010,20161,376673,702,1,124,0,2,166,0
Bacteroides_massiliensis_44749,700015250,700097234,103,2293371,321812,1492342,23,67,81,338,4,2,321731,1492004,19,65,228211,4239350,8451,47,967,0,1,64,0,0,2,0
Bacteroides_massiliensis_44749,700015250,700098267,784,2295448,321842,1493620,294,198,14878,68435,255,93,306964,1425185,39,105,218422,4048961,8172,10150,194798,357,2,103,0,0,93,0
Bacteroides_massiliensis_44749,700015250,700098867,515,2302921,322984,1498487,189,141,10947,50899,159,49,312037,1447588,30,92,221700,4112748,8316,7705,144716,276,2,90,0,0,49,0
Bacteroides_massiliensis_44749,700015250,700105049,901,2307994,323471,1501695,328,232,20768,95979,283,104,302703,1405716,45,128,215348,3993577,8223,14721,272703,513,1,127,0,1,103,0
Bacteroides_massiliensis_44749,700015250,700105882,654,2309007,323660,1502416,235,195,12849,59004,176,68,310811,1443412,59,127,221167,4100663,8406,8939,167740,333,2,125,0,0,68,0
Bacteroides_massiliensis_44749,700015250,700105940,785,2301826,322765,1497762,299,216,18835,85904,240,77,303930,1411858,59,139,216663,4010724,8187,12699,244482,531,3,136,0,0,77,0
Bacteroides_massiliensis_44749,700015250,700107189,1373,2266859,316295,1474866,497,328,39622,184025,440,185,276673,1290841,57,143,199029,3666132,7362,27738,523320,1017,1,142,0,0,185,0
Bacteroides_massiliensis_44749,700015250,700164249,141,2309127,323703,1502470,34,81,310,1329,3,2,323393,1501141,31,79,229937,4264759,8727,186,3795,6,1,78,0,0,2,0
Bacteroides_massiliensis_44749,700015250,700173320,1157,2304223,323086,1499329,408,305,29916,139285,360,150,293170,1360044,48,155,208311,3863943,7878,21286,395774,795,2,153,0,0,150,0
Bacteroides_massiliensis_44749,700015250,700175331,552,2307264,323342,1501268,188,177,11186,51848,159,66,312156,1449420,29,111,222053,4117753,8454,7924,147350,270,2,109,0,0,66,0
Bacteroides_massiliensis_44749,700015250,ERR912165,514,2297089,321909,1494581,179,155,10186,47570,150,55,311723,1447011,29,100,221576,4111045,8412,7278,135174,258,2,98,0,1,54,0
Bacteroides_massiliensis_44749,700015250,ERR912195,928,2309871,323758,1502963,337,248,22019,102186,286,111,301739,1400777,51,137,214517,3979621,8193,15671,290347,540,2,135,0,1,110,0
Bacteroides_massiliensis_44749,700015250,SRR2822459,530,2308455,323609,1502048,175,171,10021,46122,144,51,313588,1455926,31,120,223113,4136205,8460,6914,131197,255,1,119,0,0,51,0
Bacteroides_massiliensis_44749,700015415,700021123,683,2304974,323058,1499737,231,221,13344,61461,173,84,309714,1438276,58,137,220562,4085932,8334,9229,174830,324,1,136,0,0,84,0
Bacteroides_massiliensis_44749,700015415,700023113,596,2306209,323240,1500522,199,202,11990,55159,148,80,311250,1445363,51,122,221694,4106022,8373,8267,156877,333,1,121,0,0,80,0
Bacteroides_massiliensis_44749,700015415,700024024,699,2304263,322896,1499280,237,228,14211,64789,180,90,308685,1434491,57,138,220178,4074949,8346,9614,184387,366,3,135,0,0,90,0
Bacteroides_massiliensis_44749,700015415,700024141,717,2306897,323351,1500979,243,231,13597,62316,180,96,309754,1438663,63,135,220674,4086942,8373,9313,177293,342,2,133,0,0,96,0
Bacteroides_massiliensis_44749,700015415,700024711,766,2298215,322017,1495307,261,250,16286,73910,200,110,305731,1421397,61,140,218270,4037665,8256,10959,210351,420,3,137,0,0,110,0
Bacteroides_massiliensis_44749,700015415,700033435,1571,2299948,322394,1496490,560,416,48083,220695,490,275,274311,1275795,70,141,196128,3623775,7482,33194,627685,1206,1,140,0,1,274,0
Bacteroides_massiliensis_44749,700015415,700034166,972,2301361,322656,1497381,341,293,26396,122086,302,195,296260,1375295,39,98,210899,3907045,7941,18540,347025,693,2,96,0,1,194,0
Bacteroides_massiliensis_44749,700015415,700035533,1075,2302366,322761,1498040,390,290,25756,117712,319,160,297005,1380328,71,130,211842,3921102,8040,17676,334812,648,1,129,0,1,159,0
Bacteroides_massiliensis_44749,700015415,700035861,865,2297977,322567,1495294,301,238,18787,86338,252,118,303780,1408956,49,120,215723,4003306,7839,13182,245298,534,1,119,0,0,118,0
Bacteroides_massiliensis_44749,700015415,700037303,735,2306640,323347,1500824,248,252,14911,67848,194,100,308436,1432976,54,152,219905,4070716,8307,10061,193096,387,4,148,0,0,100,0
Bacteroides_massiliensis_44749,700015415,700095647,1151,2305776,323180,1500262,414,325,27282,125033,335,187,295898,1375229,79,138,211182,3906465,8040,18740,355711,648,1,137,0,2,185,0
Bacteroides_massiliensis_44749,700015415,700097234,977,2290314,321375,1490310,356,269,21706,99620,291,125,299669,1390690,65,144,213228,3950973,7869,14824,283478,558,3,141,0,0,125,0
Bacteroides_massiliensis_44749,700015415,700098267,984,2293659,321582,1492430,352,289,17973,81797,285,134,303609,1410633,67,155,216462,4007358,8079,12023,232939,429,2,153,0,0,134,0
Bacteroides_massiliensis_44749,700015415,700098867,704,2300935,322709,1497158,244,222,14245,64940,183,90,308464,1432218,61,132,219657,4068783,8214,9626,184834,360,2,130,0,0,90,0
Bacteroides_massiliensis_44749,700015415,700105049,847,2305981,323200,1500356,296,249,18316,82808,232,113,304884,1417548,64,136,217625,4026721,8298,12338,235675,411,1,135,0,1,112,0
Bacteroides_massiliensis_44749,700015415,700105882,580,2306853,323384,1500969,193,209,9325,42762,117,69,314059,1458207,76,140,223617,4142538,8466,6370,121682,234,2,138,0,0,69,0
Bacteroides_massiliensis_44749,700015415,700105940,481,2300081,322552,1496583,160,180,6309,28159,116,57,316243,1468424,44,123,225074,4171666,8532,4196,80122,159,3,120,0,0,57,0
Bacteroides_massiliensis_44749,700015415,700107189,1402,2266094,316236,1474373,499,363,38531,178894,421,223,277705,1295479,78,140,199794,3679194,7449,26917,508853,912,0,140,0,0,223,0
Bacteroides_massiliensis_44749,700015415,700164249,987,2305660,323222,1500171,361,274,22121,101533,295,130,301101,1398638,66,144,214703,3973072,8139,15172,288860,567,3,141,0,0,130,0
Bacteroides_massiliensis_44749,700015415,700173320,1187,2301540,322727,1497550,423,327,31131,144070,360,185,291596,1353480,63,142,207677,3844894,7869,21745,409685,780,2,140,0,0,185,0
Bacteroides_massiliensis_44749,700015415,700175331,613,2305466,323116,1500053,190,226,11459,52736,137,76,311657,1447317,53,150,221963,4111600,8388,7906,149981,321,2,148,0,0,76,0
Bacteroides_massiliensis_44749,700015415,ERR912165,714,2295258,321671,1493355,241,237,13863,63117,181,94,307808,1430238,60,143,219365,4063060,8289,9378,179616,357,2,141,0,1,93,0
Bacteroides_massiliensis_44749,700015415,ERR912195,855,2306875,323358,1500963,300,256,18116,82168,227,112,305242,1418795,73,144,217753,4030340,8292,12261,233841,402,3,141,0,1,111,0
Bacteroides_massiliensis_44749,700015415,SRR2822459,729,2305201,323176,1499874,240,249,14223,64811,187,97,308953,1435063,53,152,220192,4076690,8307,9623,184447,363,1,151,0,0,97,0
Bacteroides_massiliensis_44749,700015415,SRR413589,962,2302572,322754,1498151,344,262,22461,103665,290,124,300293,1394486,54,138,214035,3961371,8052,15532,294860,603,2,135,1,0,124,0
Bacteroides_massiliensis_44749,700021123,700023113,364,2306963,323313,1501045,111,137,4970,22794,86,26,318343,1478251,25,111,226505,4199686,8562,3444,64818,120,0,111,0,0,26,0
Bacteroides_massiliensis_44749,700021123,700024024,526,2304984,322960,1499765,170,186,7908,35909,135,59,315052,1463856,35,127,224401,4158677,8490,5384,102142,201,2,125,0,0,59,0
Bacteroides_massiliensis_44749,700021123,700024141,498,2307970,323491,1501685,156,173,7375,33886,126,49,316116,1467799,30,124,224848,4170011,8538,5142,96360,156,1,123,0,0,49,0
Bacteroides_massiliensis_44749,700021123,700024711,599,2298898,322079,1495774,197,207,9728,43585,155,77,312351,1452189,42,130,222716,4125412,8439,6499,124040,216,2,128,0,0,77,0
Bacteroides_massiliensis_44749,700021123,700033435,1392,2300207,322380,1496674,491,362,43795,200962,455,230,278585,1295712,36,132,198969,3680544,7623,30319,571520,1047,0,132,0,1,229,0
Bacteroides_massiliensis_44749,700021123,700034166,1136,2301441,322631,1497459,398,317,33215,153714,345,198,289416,1343745,53,119,206316,3817155,7764,23054,437233,855,1,118,0,1,197,0
Bacteroides_massiliensis_44749,700021123,700035533,716,2303219,322840,1498603,246,217,15420,70215,209,106,307420,1428388,37,111,218891,4057984,8289,10637,199612,396,1,110,0,0,106,0
Bacteroides_massiliensis_44749,700021123,700035861,764,2297943,322558,1495315,261,219,14891,66929,213,90,307667,1428386,48,129,218721,4058433,8004,10074,190368,345,0,129,0,0,90,0
Bacteroides_massiliensis_44749,700021123,700037303,543,2307893,323486,1501659,172,201,8089,36655,138,60,315397,1465004,34,141,224464,4162073,8475,5527,104237,201,3,138,0,0,60,0
Bacteroides_massiliensis_44749,700021123,700095647,841,2306718,323279,1500890,281,261,17916,81853,252,132,305363,1419037,29,129,217607,4031245,8259,12332,232801,426,0,129,0,2,130,0
Bacteroides_massiliensis_44749,700021123,700097234,745,2292086,321627,1491476,271,202,15401,71361,238,80,306226,1420115,33,122,217242,4035042,8061,10882,202829,372,2,120,0,0,80,0
Bacteroides_massiliensis_44749,700021123,700098267,787,2295405,321819,1493584,276,229,11957,54069,237,97,309862,1439515,39,132,220602,4089699,8244,7973,153976,258,1,131,0,0,97,0
Bacteroides_massiliensis_44749,700021123,700098867,521,2302641,322927,1498295,174,174,8169,36985,133,53,314758,1461310,41,121,223815,4151745,8370,5550,105204,201,1,120,0,0,53,0
Bacteroides_massiliensis_44749,700021123,700105049,479,2306883,323289,1500968,151,170,7614,33659,116,49,315675,1467309,35,121,224888,4168498,8541,5079,95742,156,1,120,0,0,49,0
Bacteroides_massiliensis_44749,700021123,700105882,344,2307817,323482,1501630,106,143,2812,12973,58,21,320670,1488657,48,122,228013,4229324,8634,1975,36896,48,1,121,0,0,21,0
Bacteroides_massiliensis_44749,700021123,700105940,576,2300722,322594,1497026,201,184,12831,57939,157,56,309763,1439087,44,128,220724,4088212,8325,8518,164951,348,2,126,0,0,56,0
Bacteroides_massiliensis_44749,700021123,700107189,977,2266583,316252,1474697,320,284,27926,130291,282,168,288326,1344406,38,116,206977,3818564,7677,19753,370430,690,0,116,0,0,168,0
Bacteroides_massiliensis_44749,700021123,700164249,779,2306754,323340,1500907,279,217,16008,74201,244,85,307332,1426706,35,132,218548,4053275,8295,11337,210873,393,2,130,0,0,85,0
Bacteroides_massiliensis_44749,700021123,700173320,709,2303815,323029,1499042,229,233,17357,80725,191,100,305672,1418317,38,133,217265,4029478,8208,12289,229427,459,1,132,0,0,100,0
Bacteroides_massiliensis_44749,700021123,700175331,384,2306457,323217,1500729,107,157,4650,21423,82,27,318567,1479306,25,130,226624,4202711,8583,3252,60903,114,1,129,0,0,27,0
Bacteroides_massiliensis_44749,700021123,ERR912165,511,2296195,321782,1493998,159,185,7848,35549,131,55,313934,1458449,28,130,223381,4143521,8445,5360,101089,198,1,129,0,1,54,0
Bacteroides_massiliensis_44749,700021123,ERR912195,499,2307775,323459,1501571,157,183,7658,34020,123,56,315801,1467551,34,127,224900,4169206,8547,5090,96817,153,2,125,0,0,56,0
Bacteroides_massiliensis_44749,700021123,SRR2822459,535,2305973,323249,1500415,163,197,8179,37068,135,62,315070,1463347,28,135,224221,4157372,8448,5574,105429,201,0,135,0,0,62,0
Bacteroides_massiliensis_44749,700021123,SRR413589,761,2303505,322846,1498785,268,206,15274,70990,241,78,307572,1427795,27,128,218756,4056373,8256,10814,201766,390,1,126,1,0,78,0
Bacteroides_massiliensis_44749,700023113,700024024,296,2307324,323285,1501286,88,129,3979,17842,64,33,319306,1483444,24,96,227362,4214321,8649,2649,50781,96,2,94,0,0,33,0
Bacteroides_massiliensis_44749,700023113,700024141,400,2309140,323668,1502446,120,152,7100,32815,96,39,316568,1469631,24,113,225177,4175172,8544,4964,93289,192,1,112,0,0,39,0
Bacteroides_massiliensis_44749,700023113,700024711,447,2299877,322238,1496392,148,163,8261,37117,116,64,313977,1459275,32,99,223819,4145534,8472,5525,105604,222,2,97,0,0,64,0
Bacteroides_massiliensis_44749,700023113,700033435,1205,2301790,322633,1497703,418,331,40816,187356,381,201,281817,1310347,37,130,201054,3722262,7725,28390,532688,990,0,130,0,1,200,0
Bacteroides_massiliensis_44749,700023113,700034166,1049,2304016,323026,1499149,366,304,35645,164678,323,191,287381,1334471,43,113,204920,3790750,7743,24693,468411,930,1,112,0,1,190,0
Bacteroides_massiliensis_44749,700023113,700035533,686,2304467,323044,1499406,236,209,16763,76570,198,100,306281,1422836,38,109,217990,4042199,8319,11684,217627,399,0,109,0,1,99,0
Bacteroides_massiliensis_44749,700023113,700035861,609,2300241,322912,1496801,206,172,12955,57889,172,74,309957,1438912,34,98,220320,4088352,8064,8716,164621,330,0,98,0,0,74,0
Bacteroides_massiliensis_44749,700023113,700037303,315,2308828,323633,1502265,92,149,3908,17272,69,38,319725,1484993,23,111,227554,4218800,8625,2573,49147,96,3,108,0,0,38,0
Bacteroides_massiliensis_44749,700023113,700095647,867,2307946,323489,1501680,296,258,20995,96462,268,139,302494,1405218,28,119,215444,3991987,8223,14641,274247,498,0,119,0,2,137,0
Bacteroides_massiliensis_44749,700023113,700097234,525,2292273,321652,1491605,184,157,10583,49319,155,52,311069,1442286,29,105,220642,4098020,8196,7545,140157,255,2,103,0,0,52,0
Bacteroides_massiliensis_44749,700023113,700098267,574,2295710,321877,1493773,198,182,7753,34735,170,70,314124,1459038,28,112,223571,4145188,8355,5055,98991,159,1,111,0,0,70,0
Bacteroides_massiliensis_44749,700023113,700098867,296,2303081,323006,1498583,95,123,4118,18486,71,32,318888,1480097,24,91,226700,4205092,8499,2749,52613,96,1,90,0,0,32,0
Bacteroides_massiliensis_44749,700023113,700105049,569,2308008,323467,1501682,187,183,12050,54334,157,67,311417,1447348,30,116,221875,4111709,8460,8236,154493,273,0,116,0,1,66,0
Bacteroides_massiliensis_44749,700023113,700105882,245,2308868,323649,1502299,67,121,1748,8062,22,8,321901,1494237,45,113,228908,4245148,8655,1218,22902,66,1,112,0,0,8,0
Bacteroides_massiliensis_44749,700023113,700105940,479,2301738,322750,1497691,162,166,11202,50443,118,43,311548,1447248,44,123,222009,4111377,8358,7365,143613,351,2,121,0,0,43,0
Bacteroides_massiliensis_44749,700023113,700107189,1157,2267135,316358,1475033,403,300,31602,146500,345,165,284756,1328533,58,135,204771,3773238,7590,22015,416693,792,0,135,0,0,165,0
Bacteroides_massiliensis_44749,700023113,700164249,545,2307777,323510,1501566,193,160,12025,55178,163,63,311485,1446388,30,97,221650,4109060,8454,8364,156891,279,2,95,0,0,63,0
Bacteroides_massiliensis_44749,700023113,700173320,939,2304463,323112,1499471,324,263,22988,107052,292,131,300124,1392419,32,132,213336,3955851,8070,16317,304233,606,1,131,0,0,131,0
Bacteroides_massiliensis_44749,700023113,700175331,156,2307473,323358,1501379,25,107,439,1918,7,4,322919,1499461,18,103,229753,4259906,8724,277,5471,6,1,102,0,0,4,0
Bacteroides_massiliensis_44749,700023113,ERR912165,279,2297031,321885,1494528,81,128,3718,16611,60,32,318167,1477917,21,96,226390,4198775,8586,2483,47260,90,1,95,0,1,31,0
Bacteroides_massiliensis_44749,700023113,ERR912195,581,2310005,323792,1503022,193,189,13060,59242,156,73,310732,1443780,37,116,221232,4101693,8415,9000,168411,315,1,115,0,1,72,0
Bacteroides_massiliensis_44749,700023113,SRR2822459,308,2308397,323604,1501984,81,148,3989,17908,64,32,319615,1484076,17,116,227365,4216262,8601,2670,50958,96,0,116,0,0,32,0
Bacteroides_massiliensis_44749,700023113,SRR413589,519,2305740,323179,1500226,179,147,10993,51292,160,50,312186,1448934,19,97,221980,4116410,8412,7829,145768,279,1,95,1,0,50,0
Bacteroides_massiliensis_44749,700024024,700024141,571,2306901,323249,1501003,182,201,10655,48599,148,75,312594,1452404,34,126,222652,4126094,8466,7317,138198,282,3,123,0,0,75,0
Bacteroides_massiliensis_44749,700024024,700024711,382,2297991,321906,1495183,115,149,7369,33795,90,53,314537,1461388,25,96,224073,4151613,8478,5101,96056,228,4,92,0,0,53,0
Bacteroides_massiliensis_44749,700024024,700033435,1227,2299882,322303,1496471,409,357,37704,173961,357,224,284599,1322510,52,133,202933,3756797,7800,26360,494596,927,2,131,0,1,223,0
Bacteroides_massiliensis_44749,700024024,700034166,1135,2301500,322578,1497520,394,335,36977,171196,347,215,285601,1326324,47,120,203703,3767589,7680,25716,486882,990,3,117,0,1,214,0
Bacteroides_massiliensis_44749,700024024,700035533,756,2302197,322644,1497945,252,241,15280,70421,207,117,307364,1427524,45,124,218681,4055545,8346,10800,200088,375,2,122,0,1,116,0
Bacteroides_massiliensis_44749,700024024,700035861,594,2297922,322501,1495296,202,172,13456,60360,167,86,309045,1434936,35,86,219727,4077062,8019,9113,171598,369,2,84,0,0,86,0
Bacteroides_massiliensis_44749,700024024,700037303,171,2306839,323271,1500981,36,111,171,770,13,7,323100,1500211,23,104,229858,4262042,8733,108,2202,0,5,99,0,0,7,0
Bacteroides_massiliensis_44749,700024024,700095647,868,2305762,323093,1500271,285,274,19697,90272,247,144,303396,1409999,38,130,216300,4005444,8253,13610,256735,471,2,128,0,2,142,0
Bacteroides_massiliensis_44749,700024024,700097234,504,2289971,321242,1490111,172,157,10038,46883,144,51,311204,1443228,28,106,220832,4100641,8211,7163,133240,246,4,102,0,0,51,0
Bacteroides_massiliensis_44749,700024024,700098267,403,2293373,321472,1492254,136,137,3576,16040,104,40,317896,1476214,32,97,226149,4194030,8463,2276,45778,66,3,94,0,0,40,0
Bacteroides_massiliensis_44749,700024024,700098867,144,2300852,322607,1497138,32,84,141,648,6,4,322466,1496490,26,80,229166,4251694,8610,95,1849,0,3,77,0,0,4,0
Bacteroides_massiliensis_44749,700024024,700105049,640,2305826,323072,1500281,202,215,11034,50381,160,77,312038,1449900,42,138,222180,4119042,8478,7735,143144,264,2,136,0,1,76,0
Bacteroides_massiliensis_44749,700024024,700105882,425,2306733,323263,1500929,130,176,5286,23785,77,43,317977,1477144,53,133,226396,4196462,8574,3553,67646,156,3,130,0,0,43,0
Bacteroides_massiliensis_44749,700024024,700105940,547,2299520,322343,1496258,187,192,11766,53130,135,50,310577,1443128,52,142,221419,4099619,8346,7777,151238,375,4,138,0,0,50,0
Bacteroides_massiliensis_44749,700024024,700107189,1140,2267138,316335,1475055,380,318,30526,142692,328,173,285809,1332363,52,145,205247,3784228,7614,21553,405743,780,2,143,0,0,173,0
Bacteroides_massiliensis_44749,700024024,700164249,536,2305708,323114,1500227,179,170,9863,45482,144,61,313251,1454745,35,109,223037,4132702,8496,6826,129371,249,4,105,0,0,61,0
Bacteroides_massiliensis_44749,700024024,700173320,961,2302172,322710,1497979,318,287,22357,105358,275,137,300353,1392621,43,150,213292,3956483,8088,16167,299304,603,3,147,0,0,137,0
Bacteroides_massiliensis_44749,700024024,700175331,326,2305249,322977,1499939,85,156,3628,16130,59,42,319349,1483809,26,114,227424,4215354,8649,2403,45897,90,3,111,0,0,42,0
Bacteroides_massiliensis_44749,700024024,ERR912165,198,2295130,321556,1493312,39,113,472,2163,13,8,321084,1491149,26,105,228398,4236373,8676,316,6167,6,4,101,0,0,8,0
Bacteroides_massiliensis_44749,700024024,ERR912195,654,2307840,323383,1501639,206,227,11596,53146,165,85,311787,1448493,41,142,221906,4115107,8466,8150,151012,276,3,139,0,1,84,0
Bacteroides_massiliensis_44749,700024024,SRR413589,509,2303712,322813,1498927,165,155,10080,47240,141,51,312733,1451687,24,104,222384,4124244,8433,7243,134213,264,3,100,1,0,51,0
Bacteroides_massiliensis_44749,700024141,700024711,626,2300902,322400,1497064,204,215,10302,46230,155,82,312098,1450834,49,133,222505,4121552,8445,6904,131522,264,3,130,0,0,82,0
Bacteroides_massiliensis_44749,700024141,700033435,1382,2302123,322682,1497906,486,370,40799,187031,427,232,281883,1310875,59,138,201325,3723617,7683,28132,531914,1047,1,137,0,1,231,0
Bacteroides_massiliensis_44749,700024141,700034166,1158,2303564,322989,1498834,402,330,37579,173788,352,210,285410,1325046,50,120,203479,3763940,7719,26079,494331,954,2,118,0,1,209,0
Bacteroides_massiliensis_44749,700024141,700035533,889,2305269,323173,1499933,314,249,21261,97166,268,129,301912,1402767,46,120,214985,3985144,8172,14728,276212,558,1,119,0,1,128,0
Bacteroides_massiliensis_44749,700024141,700035861,816,2299895,322886,1496564,276,235,16708,75485,224,96,306178,1421079,52,139,217626,4037643,7968,11366,214678,411,1,138,0,0,96,0
Bacteroides_massiliensis_44749,700024141,700037303,594,2310385,323878,1503288,187,222,11283,51158,156,79,312595,1452130,31,143,222562,4125386,8442,7682,145498,294,4,139,0,0,79,0
Bacteroides_massiliensis_44749,700024141,700095647,992,2308702,323590,1502180,341,290,23616,108340,304,159,299974,1393840,37,131,213768,3959607,8145,16359,308076,585,1,130,0,2,157,0
Bacteroides_massiliensis_44749,700024141,700097234,791,2293247,321826,1492232,276,225,17308,79711,237,93,304518,1412521,39,132,216216,4013325,8022,12021,226671,441,3,129,0,0,93,0
Bacteroides_massiliensis_44749,700024141,700098267,841,2296734,322048,1494436,300,248,14854,67448,263,112,307194,1426988,37,136,218709,4054077,8178,9978,192018,348,2,134,0,0,112,0
Bacteroides_massiliensis_44749,700024141,700098867,570,2304088,323174,1499233,189,193,11166,50676,155,71,312008,1448557,34,122,221886,4115460,8325,7620,144126,282,2,120,0,0,71,0
Bacteroides_massiliensis_44749,700024141,700105049,667,2309049,323636,1502367,221,210,13514,61009,176,80,310122,1441358,45,130,220952,4094686,8436,9218,173491,318,1,129,0,1,79,0
Bacteroides_massiliensis_44749,700024141,700105882,303,2310387,323897,1503288,94,117,5439,25162,65,29,318458,1478126,29,88,226457,4199305,8616,3770,71590,126,2,86,0,0,29,0
Bacteroides_massiliensis_44749,700024141,700105940,616,2303398,323023,1498765,210,200,13259,59763,158,63,309764,1439002,52,137,220751,4087897,8358,8753,170164,372,3,134,0,0,63,0
Bacteroides_massiliensis_44749,700024141,700107189,1277,2267432,316380,1475228,440,336,37825,175608,390,207,278555,1299620,50,129,200283,3691068,7509,26523,499413,888,1,128,0,0,207,0
Bacteroides_massiliensis_44749,700024141,700164249,820,2309181,323736,1502478,287,236,17709,81492,243,100,306027,1420986,44,136,217850,4036816,8292,12277,231743,456,3,133,0,0,100,0
Bacteroides_massiliensis_44749,700024141,700173320,1030,2304731,323203,1499633,357,282,25302,117404,312,138,297901,1382229,45,144,211755,3926871,8061,17883,333705,624,2,142,0,0,138,0
Bacteroides_massiliensis_44749,700024141,700175331,426,2308679,323587,1502174,115,179,6180,28229,85,38,317407,1473945,30,141,225807,4187454,8574,4290,80229,168,2,139,0,0,38,0
Bacteroides_massiliensis_44749,700024141,ERR912165,564,2298470,322128,1495467,175,210,10630,48309,143,72,311498,1447158,32,138,221686,4111385,8403,7285,137363,279,2,136,0,1,71,0
Bacteroides_massiliensis_44749,700024141,ERR912195,680,2310223,323848,1503174,227,218,13133,59288,180,84,310715,1443886,47,134,221343,4101861,8454,8888,168685,291,2,132,0,1,83,0
Bacteroides_massiliensis_44749,700024141,SRR2822459,580,2308363,323631,1501969,175,217,10701,48737,148,72,312930,1453232,27,145,222694,4128581,8421,7332,138597,282,1,144,0,0,72,0
Bacteroides_massiliensis_44749,700024141,SRR413589,796,2305630,323194,1500161,270,224,17409,80387,236,89,305785,1419774,34,135,217646,4033447,8229,12126,228573,462,2,132,1,0,89,0
Bacteroides_massiliensis_44749,700024234,700095486,318,2306551,323324,1500672,92,117,3436,14702,78,63,319888,1485970,14,54,227783,4221451,8676,2183,41824,99,2,52,0,0,63,0
Bacteroides_massiliensis_44749,700024234,700097688,389,2309464,323861,1502585,122,122,9149,42147,107,60,314712,1460438,15,62,223869,4148949,8496,6323,119854,264,3,59,0,0,60,0
Bacteroides_massiliensis_44749,700024234,700102299,78,2305503,323144,1500008,19,51,151,655,8,3,322993,1499353,11,48,229811,4259578,8670,75,1890,0,2,46,0,0,3,0
Bacteroides_massiliensis_44749,700024234,700167759,424,2306876,323521,1500888,155,126,10550,48370,133,47,312971,1452518,22,79,222782,4126357,8415,7128,137685,297,5,74,0,0,47,0
Bacteroides_massiliensis_44749,700024234,SRR341630,395,2278007,318371,1482006,137,124,10831,49543,113,45,307540,1432463,24,79,220577,4068391,8421,7357,141005,267,1,78,0,0,45,0
Bacteroides_massiliensis_44749,700024234,SRR341691,530,2306669,323306,1500743,179,159,7473,33447,161,101,315833,1467296,18,58,225065,4168282,8541,4895,95230,216,2,56,0,1,100,0
Bacteroides_massiliensis_44749,700024234,SRR341709,529,2302314,322700,1497902,179,158,7426,33296,161,97,315274,1464606,18,61,224606,4160650,8562,4889,94786,213,1,60,0,1,96,0
Bacteroides_massiliensis_44749,700024234,SRR341717,535,2306437,323323,1500590,185,161,7451,33377,165,98,315872,1467213,20,63,225010,4168076,8553,4891,95033,207,2,61,0,1,97,0
Bacteroides_massiliensis_44749,700024234,SRR413557,557,2307017,323529,1500999,190,150,15610,71206,172,93,307919,1429793,18,57,219406,4061633,8340,10519,202667,432,1,56,0,0,92,1
Bacteroides_massiliensis_44749,700024234,SRR413622,545,2309056,323761,1502310,187,161,7554,33818,169,99,316207,1468492,18,62,225195,4171722,8559,4938,96303,213,1,61,0,1,98,0
Bacteroides_massiliensis_44749,700024234,SRR413651,412,2309075,323795,1502338,154,118,10579,48490,133,47,313216,1453848,21,71,223012,4130081,8451,7139,138034,297,1,70,0,0,47,0
Bacteroides_massiliensis_44749,700024234,donald4-11-30-0_,375,2309715,323823,1502740,109,145,3561,15417,92,60,320262,1487323,17,85,227955,4225329,8685,2287,43853,111,1,84,0,0,60,0
Bacteroides_massiliensis_44749,700024711,700033435,1354,2293382,321339,1492198,472,375,45263,208435,429,254,276076,1283763,43,121,197166,3646584,7539,31535,592621,1149,2,119,0,1,253,0
Bacteroides_massiliensis_44749,700024711,700034166,1185,2294316,321558,1492787,419,345,36966,170854,358,229,284592,1321933,61,116,203176,3754976,7647,25581,486003,978,3,113,0,1,228,0
Bacteroides_massiliensis_44749,700024711,700035533,883,2296362,321799,1494117,315,254,19857,91172,268,140,301942,1402945,47,114,215067,3985599,8169,13880,259120,516,2,112,0,1,139,0
Bacteroides_massiliensis_44749,700024711,700035861,707,2290424,321422,1490369,252,194,16288,73089,213,104,305134,1417280,39,90,217192,4026755,7893,10978,207839,450,2,88,0,0,104,0
Bacteroides_massiliensis_44749,700024711,700037303,404,2300712,322398,1496952,122,171,6144,28239,88,51,316254,1468713,34,120,225103,4172543,8493,4303,80216,198,5,115,0,0,51,0
Bacteroides_massiliensis_44749,700024711,700095647,946,2299673,322201,1496280,330,280,22497,102658,287,161,299704,1393622,43,119,213928,3958793,8145,15409,292022,543,2,117,0,2,159,0
Bacteroides_massiliensis_44749,700024711,700097234,657,2283860,320367,1486096,239,188,14871,68752,207,86,305496,1417344,32,102,216987,4027020,8025,10444,195416,396,4,98,0,0,86,0
Bacteroides_massiliensis_44749,700024711,700098267,662,2287279,320589,1488261,232,201,10373,47282,196,93,310216,1440979,36,108,220883,4093837,8217,6992,134587,267,3,105,0,0,93,0
Bacteroides_massiliensis_44749,700024711,700098867,380,2294686,321725,1493087,121,143,6222,28576,85,48,315503,1464511,36,95,224373,4160793,8367,4331,81199,198,3,92,0,0,48,0
Bacteroides_massiliensis_44749,700024711,700105049,674,2299887,322225,1496384,231,211,13186,59355,180,91,309039,1437029,51,120,220448,4082236,8403,8932,168836,297,2,118,0,1,90,0
Bacteroides_massiliensis_44749,700024711,700105882,485,2300754,322407,1496996,155,192,6534,29012,93,58,315873,1467984,62,134,225096,4170330,8526,4302,82566,168,3,131,0,0,58,0
Bacteroides_massiliensis_44749,700024711,700105940,604,2293690,321517,1492425,217,211,13308,59606,157,69,308209,1432819,60,142,219957,4070193,8307,8704,169736,378,4,138,0,0,69,0
Bacteroides_massiliensis_44749,700024711,700107189,1211,2260018,315263,1470401,414,332,33210,154631,359,194,282053,1315770,55,138,202867,3736907,7536,23293,439775,825,1,137,0,1,193,0
Bacteroides_massiliensis_44749,700024711,700164249,684,2299599,322264,1496212,247,198,14424,66189,204,86,307840,1430023,43,112,219346,4062410,8313,9933,188247,387,4,108,0,0,86,0
Bacteroides_massiliensis_44749,700024711,700173320,1031,2295404,321747,1493547,349,313,23779,110766,298,157,297968,1382781,51,156,211942,3928367,8034,16903,314792,603,3,153,0,0,157,0
Bacteroides_massiliensis_44749,700024711,700175331,472,2299164,322102,1495946,145,186,8211,36869,112,68,313891,1459077,33,118,223781,4144969,8481,5501,104884,222,3,115,0,0,68,0
Bacteroides_massiliensis_44749,700024711,ERR912165,386,2288889,320657,1489214,117,160,6175,28287,83,51,314482,1460927,34,109,223850,4150486,8445,4288,80378,195,3,106,0,1,50,0
Bacteroides_massiliensis_44749,700024711,ERR912195,698,2300415,322331,1496758,235,230,13927,62884,184,101,308404,1433874,51,129,219931,4073318,8373,9458,178876,318,4,125,0,1,100,0
Bacteroides_massiliensis_44749,700024711,SRR2822459,394,2298670,322134,1495627,111,167,6035,27781,80,44,316099,1467846,31,123,224958,4170123,8457,4224,78921,198,2,121,0,0,44,0
Bacteroides_massiliensis_44749,700024711,SRR413589,662,2296075,321727,1493907,231,188,14704,68264,204,81,307023,1425643,27,107,218555,4050136,8238,10394,193990,408,3,103,1,0,81,0
Bacteroides_massiliensis_44749,700033435,700034166,1907,2295991,321915,1493934,686,483,72938,336528,633,366,248977,1157406,53,117,177982,3287465,6771,50873,956833,1878,0,117,0,3,363,0
Bacteroides_massiliensis_44749,700033435,700035533,1184,2298323,322182,1495443,425,300,35206,161053,395,218,286976,1334390,30,82,204947,3790420,7803,24117,458139,903,1,81,0,1,217,0
Bacteroides_massiliensis_44749,700033435,700035861,1566,2292165,321779,1491569,550,396,51089,233786,500,266,270690,1257783,50,130,192863,3573367,7119,35405,664711,1242,0,130,0,1,265,0
Bacteroides_massiliensis_44749,700033435,700037303,1261,2301915,322659,1497785,419,383,37474,172788,363,227,285185,1324997,56,156,203320,3763871,7800,26125,491324,915,2,154,0,2,225,0
Bacteroides_massiliensis_44749,700033435,700095647,1445,2301569,322603,1497559,504,383,44805,206851,476,279,277798,1290708,28,104,198114,3666435,7575,31325,588088,1140,0,104,0,3,276,0
Bacteroides_massiliensis_44749,700033435,700097234,1401,2285274,320678,1487065,495,373,47190,217386,449,236,273488,1269679,46,137,194592,3607131,7314,32903,618127,1128,1,136,0,2,234,0
Bacteroides_massiliensis_44749,700033435,700098267,1474,2288741,320901,1489253,507,404,46328,213901,457,255,274573,1275352,50,149,195492,3623184,7380,32458,608111,1134,1,148,0,1,254,0
Bacteroides_massiliensis_44749,700033435,700098867,1237,2295787,321992,1493841,417,355,38173,176003,364,216,283819,1317838,53,139,202060,3743786,7668,26671,500420,918,1,138,0,1,215,0
Bacteroides_massiliensis_44749,700033435,700105049,1189,2301162,322513,1497264,422,306,37658,173418,396,205,284855,1323846,26,101,203244,3760572,7722,26180,493069,1005,1,100,0,1,204,0
Bacteroides_massiliensis_44749,700033435,700105882,1300,2302110,322712,1497915,456,356,40969,187811,387,219,281743,1310104,69,137,201129,3721536,7647,28334,534037,1062,1,136,0,1,218,0
Bacteroides_massiliensis_44749,700033435,700105940,1404,2294757,321781,1493164,500,372,47909,219576,444,227,273872,1273588,56,145,195612,3617679,7473,33077,624424,1227,2,143,0,1,226,0
Bacteroides_massiliensis_44749,700033435,700107189,1860,2262648,315807,1472179,634,463,63609,295858,589,343,252198,1176321,45,120,181382,3340735,6846,44930,841108,1536,0,120,0,1,342,0
Bacteroides_massiliensis_44749,700033435,700164249,1428,2301023,322564,1497189,504,380,44172,203664,448,231,278392,1293525,56,149,198581,3674359,7635,30770,579133,1089,1,148,0,2,229,0
Bacteroides_massiliensis_44749,700033435,700173320,1744,2296817,322052,1494518,606,448,50076,231917,552,299,271976,1262601,54,149,193869,3586581,7353,35055,659382,1314,2,147,0,0,299,0
Bacteroides_massiliensis_44749,700033435,700175331,1237,2300611,322407,1496944,414,359,38769,177785,368,212,283638,1319159,46,147,202314,3747387,7776,27021,505392,942,1,146,0,1,211,0
Bacteroides_massiliensis_44749,700033435,ERR912165,1244,2290331,320964,1490211,412,371,35004,161280,363,220,285960,1328931,49,151,203978,3775024,7791,24231,458736,873,1,150,0,2,218,0
Bacteroides_massiliensis_44749,700033435,ERR912195,1218,2301804,322635,1497712,430,324,38234,175294,392,220,284401,1322418,38,104,203009,3756484,7761,26438,498487,957,1,103,0,2,218,0
Bacteroides_massiliensis_44749,700033435,SRR2822459,1249,2300140,322456,1496628,407,378,37713,173958,362,229,284743,1322670,45,149,202894,3757358,7758,26352,494604,918,0,149,0,1,228,0
Bacteroides_massiliensis_44749,700033435,SRR413589,1403,2297625,322043,1494980,487,369,46608,214935,451,233,275435,1280045,36,136,196469,3636166,7500,32560,611075,1170,0,135,1,2,231,0
Bacteroides_massiliensis_44749,700033502,700034081,2333,2320514,325444,1509877,868,576,85414,390696,791,389,240030,1119181,77,187,172479,3178584,6480,58769,1111030,2289,2,185,0,1,388,0
Bacteroides_massiliensis_44749,700033502,700095410,443,2318334,325268,1508468,153,141,13851,63114,116,44,311417,1445354,37,97,221364,4106367,8331,9594,179421,327,0,97,0,0,44,0
Bacteroides_massiliensis_44749,700033502,700111296,2333,2312376,324353,1504577,869,573,87269,399193,806,388,237084,1105384,63,185,170336,3139381,6435,60053,1135195,2331,3,182,0,1,387,0
Bacteroides_massiliensis_44749,700034166,700035533,1395,2298725,322330,1495688,496,362,43641,201731,434,255,278689,1293957,62,107,198644,3675730,7497,30428,573607,1158,1,106,0,2,253,0
Bacteroides_massiliensis_44749,700034166,700035861,1262,2296022,322378,1494067,452,333,41132,190374,413,229,281246,1303693,39,104,199755,3704061,7263,28827,541221,1074,1,103,0,1,228,0
Bacteroides_massiliensis_44749,700034166,700037303,1150,2303616,323021,1498890,399,351,38217,176645,359,225,284804,1322245,40,126,203058,3756042,7635,26499,502425,1011,3,123,0,2,223,0
Bacteroides_massiliensis_44749,700034166,700095647,1525,2302326,322783,1498043,543,409,48932,226633,487,301,273851,1271410,56,108,195358,3611483,7389,34140,644490,1269,1,107,0,3,298,0
Bacteroides_massiliensis_44749,700034166,700097234,1367,2287390,321083,1488440,501,358,45062,208986,453,236,276021,1279454,48,122,196272,3634878,7212,31398,594369,1191,3,119,0,1,235,0
Bacteroides_massiliensis_44749,700034166,700098267,1406,2290704,321276,1490541,509,380,40627,187999,459,259,280649,1302542,50,121,200056,3700163,7407,28045,534899,1053,2,119,0,1,258,0
Bacteroides_massiliensis_44749,700034166,700098867,1129,2298003,322396,1495270,402,320,35560,164552,352,214,286836,1330718,50,106,204234,3780336,7584,24675,468027,954,2,104,0,1,213,0
Bacteroides_massiliensis_44749,700034166,700105049,1206,2302407,322796,1498058,422,327,41806,192884,374,225,280990,1305174,48,102,200504,3707389,7629,29006,548605,1041,1,101,0,2,223,0
Bacteroides_massiliensis_44749,700034166,700105882,1032,2303451,322989,1498804,360,309,32030,147738,290,186,290959,1351066,70,123,207440,3837925,7833,22109,420283,822,2,121,0,1,185,0
Bacteroides_massiliensis_44749,700034166,700105940,884,2296792,322178,1494479,306,277,26400,121905,269,174,295778,1372574,37,103,210553,3899255,7914,18293,346690,732,3,100,0,1,173,0
Bacteroides_massiliensis_44749,700034166,700107189,1735,2261667,315690,1471497,613,445,52464,244748,552,330,263226,1226749,61,115,189368,3483907,6972,36872,696019,1353,1,114,0,1,329,0
Bacteroides_massiliensis_44749,700034166,700164249,1385,2302443,322869,1498112,506,368,40804,188196,443,216,282065,1309916,63,152,201155,3721012,7581,28285,535223,1080,2,150,0,2,214,0
Bacteroides_massiliensis_44749,700034166,700173320,1565,2300416,322659,1496861,565,401,55190,257412,512,271,267469,1239449,53,130,190270,3520958,7119,38926,731807,1503,1,129,0,2,269,0
Bacteroides_massiliensis_44749,700034166,700175331,1070,2301896,322697,1497759,361,324,35285,163214,318,189,287412,1334545,43,135,204915,3790983,7737,24514,464204,924,2,133,0,1,188,0
Bacteroides_massiliensis_44749,700034166,ERR912165,1163,2291822,321275,1491152,403,344,37368,172963,354,222,283907,1318189,49,122,202313,3744637,7617,25994,491896,999,2,120,0,2,220,0
Bacteroides_massiliensis_44749,700034166,ERR912195,1232,2304698,323149,1499597,430,345,37882,175070,360,222,285267,1324527,70,123,203348,3762529,7704,26317,497933,960,3,120,0,2,220,0
Bacteroides_massiliensis_44749,700034166,SRR2822459,1147,2302956,322941,1498469,392,349,37097,171782,344,218,285844,1326687,48,131,203651,3768757,7653,25814,488551,981,1,130,0,1,217,0
Bacteroides_massiliensis_44749,700034166,SRR413589,1366,2300173,322496,1496636,494,352,46161,214699,455,233,276335,1281937,39,119,196794,3641607,7410,32420,610462,1215,2,116,1,1,232,0
Bacteroides_massiliensis_44749,700035533,700035861,1064,2294787,322185,1493238,371,278,25388,115346,317,163,296797,1377892,54,115,210957,3914973,7746,17519,327889,630,0,115,0,1,162,0
Bacteroides_massiliensis_44749,700035533,700037303,786,2305108,323165,1499841,264,262,15076,69486,209,113,308089,1430355,55,149,219051,4063680,8334,10666,197417,375,2,147,0,2,111,0
Bacteroides_massiliensis_44749,700035533,700095647,727,2304667,323064,1499542,245,217,17337,79761,221,142,305727,1419781,24,75,217744,4033346,8253,11953,226847,483,1,74,0,2,140,0
Bacteroides_massiliensis_44749,700035533,700097234,1002,2287954,321090,1488794,366,267,24123,111618,316,140,296967,1377176,50,127,210662,3913006,7860,17056,317219,579,2,125,0,1,139,0
Bacteroides_massiliensis_44749,700035533,700098267,1029,2291477,321328,1491020,364,293,20574,94415,320,158,300754,1396605,44,135,213864,3967902,8049,14306,268483,456,1,134,0,1,157,0
Bacteroides_massiliensis_44749,700035533,700098867,758,2298733,322438,1495755,260,233,15343,70572,208,111,307095,1425183,52,122,218171,4049164,8214,10810,200540,366,1,121,0,1,110,0
Bacteroides_massiliensis_44749,700035533,700105049,346,2304323,322998,1499287,113,114,7352,34171,94,55,315646,1465116,19,59,224492,4162345,8511,5194,97088,231,0,59,0,0,55,0
Bacteroides_massiliensis_44749,700035533,700105882,769,2305200,323189,1499921,272,226,17433,79418,214,110,305756,1420503,58,116,217711,4035518,8280,12011,225805,438,1,115,0,1,109,0
Bacteroides_massiliensis_44749,700035533,700105940,941,2297902,322272,1495188,338,266,24997,114283,282,141,297275,1380905,56,125,211822,3922871,8022,17136,325032,681,1,124,0,2,139,0
Bacteroides_massiliensis_44749,700035533,700107189,1317,2263900,315942,1472931,457,326,37646,174882,405,214,278296,1298049,52,112,199911,3686817,7419,26519,497155,972,1,111,0,0,214,0
Bacteroides_massiliensis_44749,700035533,700164249,1030,2303876,323012,1499022,373,280,24019,110642,317,145,298993,1388380,56,135,212801,3944218,8121,16784,314542,600,2,133,0,1,144,0
Bacteroides_massiliensis_44749,700035533,700173320,1185,2299803,322516,1496428,420,322,30574,141654,369,190,291942,1354774,51,132,207571,3848897,7854,21604,402542,816,2,130,0,0,190,0
Bacteroides_massiliensis_44749,700035533,700175331,707,2303683,322889,1498916,231,232,16075,73229,190,110,306814,1425687,41,122,218497,4050236,8328,11103,208191,393,1,121,0,1,109,0
Bacteroides_massiliensis_44749,700035533,ERR912165,777,2293201,321410,1492045,262,249,15268,70343,212,111,306142,1421702,50,138,217640,4039177,8289,10793,199864,372,2,136,0,1,110,0
Bacteroides_massiliensis_44749,700035533,ERR912195,365,2304851,323100,1499666,120,125,7327,34029,95,56,315773,1465637,25,69,224525,4163890,8496,5170,96686,231,1,68,0,0,56,0
Bacteroides_massiliensis_44749,700035533,SRR2822459,776,2303270,322953,1498647,250,260,15343,70642,208,117,307610,1428005,42,143,218676,4057038,8301,10834,200717,375,0,143,0,1,116,0
Bacteroides_massiliensis_44749,700035533,SRR413589,1003,2300227,322454,1496642,360,264,24921,115636,320,141,297533,1381006,40,123,211551,3923433,8034,17696,328582,630,1,121,1,1,140,0
Bacteroides_massiliensis_44749,700035861,700037303,605,2299807,322899,1496526,200,190,13772,61877,165,92,309127,1434649,35,98,219656,4076305,7986,9336,175914,381,3,95,0,0,92,0
Bacteroides_massiliensis_44749,700035861,700095647,1173,2298331,322638,1495543,402,317,29203,133392,339,185,293435,1362151,63,132,208593,3870207,7653,20299,379154,723,0,132,0,2,183,0
Bacteroides_massiliensis_44749,700035861,700097234,894,2285737,321164,1487445,329,217,21238,96420,293,121,299926,1391025,36,96,212792,3952663,7620,14560,274139,561,2,94,0,0,121,0
Bacteroides_massiliensis_44749,700035861,700098267,898,2287837,321240,1488776,324,232,18339,82538,285,134,302901,1406238,39,98,215350,3995609,7755,12316,234830,468,1,97,0,0,134,0
Bacteroides_massiliensis_44749,700035861,700098867,612,2296086,322452,1494126,214,169,11628,52185,164,81,310824,1441941,50,88,220609,4097246,7968,7942,148283,330,1,87,0,0,81,0
Bacteroides_massiliensis_44749,700035861,700105049,884,2298461,322654,1495605,300,243,20808,93952,250,119,301846,1401653,50,124,214629,3982464,7866,14276,267064,516,0,124,0,1,118,0
Bacteroides_massiliensis_44749,700035861,700105882,668,2299799,322881,1496529,226,205,11871,52951,159,75,311010,1443578,67,130,221031,4101630,8073,7958,150589,306,1,129,0,0,75,0
Bacteroides_massiliensis_44749,700035861,700105940,686,2293057,322067,1492166,232,198,14851,67562,187,67,307216,1424604,45,131,218022,4047867,7923,10258,191993,435,2,129,0,0,67,0
Bacteroides_massiliensis_44749,700035861,700107189,1415,2257937,315558,1469188,487,355,38640,178706,423,221,276918,1290482,64,134,198650,3665671,7125,26994,508182,942,0,134,0,0,221,0
Bacteroides_massiliensis_44749,700035861,700164249,922,2298690,322764,1495781,336,223,21044,95663,290,121,301720,1400118,46,102,214434,3978087,7833,14457,271992,540,2,100,0,0,121,0
Bacteroides_massiliensis_44749,700035861,700173320,1250,2295789,322411,1493954,436,329,33537,155280,385,181,288874,1338674,51,148,204832,3803744,7446,23707,441239,894,1,147,0,0,181,0
Bacteroides_massiliensis_44749,700035861,700175331,635,2298218,322587,1495493,207,191,12827,57217,171,82,309760,1438276,36,109,220267,4086512,8049,8603,162718,330,1,108,0,0,82,0
Bacteroides_massiliensis_44749,700035861,ERR912165,656,2288068,321162,1488822,220,196,13846,62202,184,96,307316,1426620,36,100,218352,4053555,7953,9397,176837,372,1,99,0,1,95,0
Bacteroides_massiliensis_44749,700035861,ERR912195,908,2300872,323014,1497217,308,257,21191,95835,258,132,301823,1401382,50,125,214540,3981737,7869,14540,272449,516,1,124,0,2,130,0
Bacteroides_massiliensis_44749,700035861,SRR2822459,628,2299532,322844,1496346,203,197,13513,60570,169,89,309331,1435776,34,108,219810,4079511,8007,9138,172203,369,0,108,0,0,89,0
Bacteroides_massiliensis_44749,700035861,SRR413589,889,2296868,322447,1494583,320,208,21101,96725,288,106,301346,1397858,32,102,213900,3971880,7794,14796,274830,549,1,100,1,0,106,0
Bacteroides_massiliensis_44749,700037303,700095647,901,2308503,323577,1502055,295,296,19723,90336,254,143,303854,1411719,41,153,216488,4010428,8241,13618,256919,471,3,150,0,2,141,0
Bacteroides_massiliensis_44749,700037303,700097234,524,2293195,321823,1492217,179,172,9737,45501,148,49,312086,1446716,31,123,221267,4110676,8205,6966,129297,240,5,118,0,0,49,0
Bacteroides_massiliensis_44749,700037303,700098267,451,2296586,322050,1494344,152,161,3898,17587,121,46,318152,1476757,31,115,226190,4195630,8451,2493,50202,66,4,111,0,0,46,0
Bacteroides_massiliensis_44749,700037303,700098867,157,2304018,323183,1499200,41,93,221,975,13,3,322962,1498225,28,90,229372,4256705,8598,132,2793,0,4,86,0,0,3,0
Bacteroides_massiliensis_44749,700037303,700105049,661,2308933,323636,1502313,213,230,11032,50329,167,72,312604,1451984,46,158,222444,4125039,8469,7729,142994,264,3,155,0,1,71,0
Bacteroides_massiliensis_44749,700037303,700105882,436,2310190,323873,1503180,134,190,6686,30359,84,44,317187,1472821,50,146,225704,4184218,8541,4518,86376,183,4,142,0,0,44,0
Bacteroides_massiliensis_44749,700037303,700105940,563,2303164,323001,1498640,192,207,12458,56121,143,55,310543,1442519,49,152,221274,4097955,8328,8213,159766,384,5,147,0,0,55,0
Bacteroides_massiliensis_44749,700037303,700107189,1164,2267410,316399,1475237,392,332,31741,148228,346,188,284658,1327009,46,144,204433,3769001,7593,22381,421517,786,0,144,0,3,185,0
Bacteroides_massiliensis_44749,700037303,700164249,549,2309100,323735,1502444,184,182,9691,44687,145,55,314044,1457757,39,127,223405,4141376,8490,6727,127085,249,5,122,0,0,55,0
Bacteroides_massiliensis_44749,700037303,700173320,967,2304674,323212,1499611,320,301,22447,105500,280,143,300765,1394111,40,158,213476,3960787,8070,16168,299729,603,4,154,0,0,143,0
Bacteroides_massiliensis_44749,700037303,700175331,335,2308595,323576,1502134,87,170,3557,15728,60,39,320019,1486406,27,131,227726,4222855,8637,2363,44731,90,4,127,0,0,39,0
Bacteroides_massiliensis_44749,700037303,ERR912165,207,2298307,322129,1495389,40,127,282,1298,10,2,321847,1494091,30,125,228753,4244856,8664,208,3680,6,5,120,0,0,2,0
Bacteroides_massiliensis_44749,700037303,ERR912195,673,2309860,323817,1502951,214,243,11310,51840,162,77,312507,1451111,52,166,222215,4122667,8451,7963,147281,276,4,162,0,1,76,0
Bacteroides_massiliensis_44749,700037303,SRR2822459,173,2308298,323637,1501937,30,120,91,388,7,1,323546,1501549,23,119,229980,4265976,8691,49,1115,0,3,116,0,0,1,0
Bacteroides_massiliensis_44749,700037303,SRR413589,520,2305423,323187,1500044,171,166,9990,46812,146,48,313197,1453232,25,118,222558,4128717,8421,7199,132976,261,4,113,1,0,48,0
Bacteroides_massiliensis_44749,700095486,700097688,387,2317980,325012,1508177,127,112,9788,45114,115,65,315224,1463063,12,47,224232,4156449,8508,6813,128247,282,1,46,0,0,65,0
Bacteroides_massiliensis_44749,700095486,700102299,327,2313470,324251,1505264,103,108,3577,15327,85,61,320674,1489937,18,47,228398,4232812,8601,2251,43634,96,1,46,0,0,61,0
Bacteroides_massiliensis_44749,700095486,700105580,322,2313481,324159,1505264,95,112,3406,14623,78,56,320753,1490641,17,56,228550,4234685,8688,2175,41598,96,1,55,0,0,56,0
Bacteroides_massiliensis_44749,700095486,700167759,630,2314359,324534,1505811,221,168,13488,60767,202,103,311046,1445044,19,65,221710,4105055,8367,8951,172978,372,4,61,0,1,102,0
Bacteroides_massiliensis_44749,700095486,SRR341630,566,2286071,319497,1487323,195,159,13957,62979,173,93,305540,1424344,22,66,219303,4045377,8352,9406,179174,357,0,66,0,0,93,0
Bacteroides_massiliensis_44749,700095486,SRR341691,568,2314695,324407,1506015,199,135,8013,36008,189,113,316394,1470007,10,22,225412,4176041,8568,5354,102448,222,0,22,0,1,112,0
Bacteroides_massiliensis_44749,700095486,SRR341709,567,2310355,323797,1503186,199,135,8024,36099,189,109,315773,1467087,10,26,224924,4167760,8577,5372,102700,225,0,26,0,1,108,0
Bacteroides_massiliensis_44749,700095486,SRR341717,573,2314739,324440,1506056,206,136,8040,36147,194,110,316400,1469909,12,26,225375,4175784,8568,5374,102842,225,0,26,0,1,109,0
Bacteroides_massiliensis_44749,700095486,SRR413557,690,2314406,324504,1505872,224,181,16169,73056,208,134,308335,1432816,16,47,219891,4070220,8337,10787,207925,456,1,46,0,0,133,1
Bacteroides_massiliensis_44749,700095486,SRR413566,295,2316156,324673,1507008,87,103,3426,14684,74,56,321247,1492324,13,47,228720,4239540,8712,2193,41760,99,1,46,0,0,56,0
Bacteroides_massiliensis_44749,700095486,SRR413622,588,2317024,324814,1507560,208,140,8112,36450,198,111,316702,1471110,10,29,225546,4179204,8580,5407,103718,225,1,28,0,1,110,0
Bacteroides_massiliensis_44749,700095486,SRR413651,607,2316506,324780,1507236,216,157,13487,60809,197,99,311293,1446427,19,58,221937,4108938,8406,8970,173085,372,1,57,0,0,99,0
Bacteroides_massiliensis_44749,700095486,donald4-11-30-0_,270,2317839,324919,1508072,70,114,4412,19570,56,43,320507,1488502,14,71,228080,4228747,8679,2970,55587,153,1,70,0,0,43,0
Bacteroides_massiliensis_44749,700095647,700097234,1131,2291767,321569,1491289,407,301,27525,127289,366,171,294044,1364000,41,130,208843,3875375,7782,19306,361904,657,2,128,0,2,169,0
Bacteroides_massiliensis_44749,700095647,700098267,1064,2295156,321792,1493421,372,304,23191,106551,332,160,298601,1386870,40,144,212557,3940070,7983,16036,303092,525,1,143,0,1,159,0
Bacteroides_massiliensis_44749,700095647,700098867,875,2302414,322915,1498145,297,265,19875,90954,258,141,303040,1407191,39,124,215715,3997728,8130,13678,258728,456,1,123,0,1,140,0
Bacteroides_massiliensis_44749,700095647,700105049,515,2307720,323414,1501506,162,178,12094,55604,148,99,311320,1445902,14,79,221817,4107474,8415,8273,158209,330,1,78,0,2,97,0
Bacteroides_massiliensis_44749,700095647,700105882,871,2308540,323584,1502110,299,268,19704,90389,251,139,303880,1411721,48,129,216511,4010405,8247,13619,257080,468,0,129,0,3,136,0
Bacteroides_massiliensis_44749,700095647,700105940,992,2301260,322680,1497383,350,290,26454,120806,302,153,296226,1376577,48,137,211351,3910370,8010,17991,343734,693,1,136,0,2,151,0
Bacteroides_massiliensis_44749,700095647,700107189,1366,2267401,316407,1475214,456,368,41452,192419,398,243,274955,1282795,58,125,197703,3643338,7344,29120,547084,1053,0,125,0,2,241,0
Bacteroides_massiliensis_44749,700095647,700164249,1162,2307360,323437,1501311,413,315,27397,126158,367,178,296040,1375153,46,137,210986,3906421,8052,19014,358788,672,2,135,0,2,176,0
Bacteroides_massiliensis_44749,700095647,700173320,1220,2303334,322956,1498734,417,347,31435,146630,376,200,291521,1352104,41,147,207209,3841237,7866,22358,416719,813,1,146,0,2,198,0
Bacteroides_massiliensis_44749,700095647,700175331,885,2306992,323297,1501072,291,282,20288,93051,260,150,303009,1408021,31,132,215940,3999894,8229,14051,264610,492,1,131,0,2,148,0
Bacteroides_massiliensis_44749,700095647,ERR912165,890,2296761,321862,1494365,295,282,19582,89723,255,137,302280,1404642,40,145,215313,3990405,8208,13535,255169,465,1,144,0,3,134,0
Bacteroides_massiliensis_44749,700095647,ERR912195,540,2308444,323544,1502004,169,194,11781,53906,149,104,311763,1448098,20,90,222097,4113779,8418,8019,153387,312,2,88,0,2,102,0
Bacteroides_massiliensis_44749,700095647,SRR2822459,882,2306687,323358,1500888,280,287,19921,91426,250,139,303437,1409462,30,148,216146,4004029,8211,13777,260027,474,0,148,0,2,137,0
Bacteroides_massiliensis_44749,700095647,SRR413589,1129,2304015,322937,1499107,397,297,28342,131349,367,167,294595,1367758,30,130,209695,3885611,7968,19983,373362,702,1,128,1,2,165,0
Bacteroides_massiliensis_44749,700097234,700098267,780,2282951,320444,1485581,289,203,12893,58949,245,88,307551,1426632,44,115,218383,4053479,8034,8709,167847,291,3,112,0,0,88,0
Bacteroides_massiliensis_44749,700097234,700098867,504,2291258,321645,1490977,181,143,10095,47178,150,47,311550,1443799,31,96,220798,4102451,8148,7202,134086,246,3,93,0,0,47,0
Bacteroides_massiliensis_44749,700097234,700105049,889,2292023,321611,1491418,323,235,19821,91396,279,106,301790,1400022,44,129,214215,3977868,7983,13973,259747,468,2,127,0,1,105,0
Bacteroides_massiliensis_44749,700097234,700105882,638,2293030,321814,1492124,229,191,12796,58725,175,71,309018,1433399,54,120,219336,4072743,8118,8886,166959,330,3,117,0,0,71,0
Bacteroides_massiliensis_44749,700097234,700105940,773,2286163,320952,1487683,292,214,18471,84283,237,82,302481,1403400,55,132,215041,3987248,7911,12459,239865,525,4,128,0,0,82,0
Bacteroides_massiliensis_44749,700097234,700107189,1370,2251315,314494,1464880,494,338,43344,202412,448,196,271150,1262468,46,142,194204,3586144,7056,30706,575450,1080,2,140,0,0,196,0
Bacteroides_massiliensis_44749,700097234,700173320,1122,2289565,321436,1489870,396,301,28025,130178,346,153,293411,1359692,50,148,207908,3863482,7686,19929,369867,738,3,145,0,0,153,0
Bacteroides_massiliensis_44749,700097234,700175331,541,2291900,321576,1491369,181,176,10894,50569,153,63,310682,1440800,28,113,220400,4093801,8199,7736,143710,261,3,110,0,0,63,0
Bacteroides_massiliensis_44749,700097234,ERR912165,500,2281803,320165,1484756,168,158,9755,45552,141,53,310410,1439204,27,105,220052,4089406,8154,6967,129446,243,3,102,0,1,52,0
Bacteroides_massiliensis_44749,700097234,ERR912195,918,2293707,321894,1492555,332,251,20559,94986,286,113,301335,1397569,46,138,213798,3970947,7962,14495,269977,486,3,135,0,1,112,0
Bacteroides_massiliensis_44749,700097234,SRR2822459,517,2291824,321656,1491331,165,173,9649,44478,136,53,312007,1446853,29,120,221446,4110935,8178,6660,126531,243,2,118,0,0,53,0
Bacteroides_massiliensis_44749,700097482,700116028,2268,2315712,324730,1506736,880,517,85887,398597,829,413,238843,1108139,51,104,170228,3147712,6477,60468,1133049,2274,0,104,0,1,412,0
Bacteroides_massiliensis_44749,700097482,SRR413623,171,2317326,324972,1507785,51,57,2588,11757,41,30,322384,1496028,10,27,229227,4250142,8715,1666,33542,63,2,25,0,0,30,0
Bacteroides_massiliensis_44749,700097688,700102299,402,2316250,324743,1507081,133,115,9301,42858,115,60,315442,1464223,18,55,224472,4159764,8433,6398,121915,261,2,53,0,0,60,0
Bacteroides_massiliensis_44749,700097688,700105580,397,2316020,324626,1506933,124,121,9118,42050,107,57,315508,1464883,17,64,224601,4161537,8511,6313,119576,261,2,62,0,0,57,0
Bacteroides_massiliensis_44749,700097688,700167759,700,2317491,325095,1507876,255,173,19263,88446,235,99,305832,1419430,20,74,217789,4032314,8187,13114,251687,537,5,69,0,1,98,0
Bacteroides_massiliensis_44749,700097688,SRR341630,646,2287752,319805,1488425,226,170,20012,92183,205,95,299793,1396242,21,75,215047,3965537,8142,13810,262184,555,1,74,0,0,95,0
Bacteroides_massiliensis_44749,700097688,SRR341691,689,2317435,324898,1507835,246,169,13491,62054,230,118,311407,1445781,16,51,221716,4107239,8388,9252,176523,387,1,50,0,1,117,0
Bacteroides_massiliensis_44749,700097688,SRR341709,686,2313000,324275,1504938,246,167,13463,61966,230,115,310812,1442972,16,52,221246,4099273,8397,9254,176254,390,1,51,0,1,114,0
Bacteroides_massiliensis_44749,700097688,SRR341717,692,2317293,324924,1507725,252,170,13748,63284,236,115,311176,1444441,16,55,221476,4103471,8376,9450,180003,399,1,54,0,1,114,0
Bacteroides_massiliensis_44749,700097688,SRR413557,783,2317509,325077,1507907,271,188,22138,101612,256,144,302939,1406295,15,44,215845,3994886,8154,15060,289149,627,1,43,0,1,142,1
Bacteroides_massiliensis_44749,700097688,SRR413566,372,2318930,325185,1508825,119,112,9156,42187,106,58,316029,1466638,13,54,224779,4166600,8535,6333,119964,264,2,52,0,0,58,0
Bacteroides_massiliensis_44749,700097688,SRR413622,706,2319760,325335,1509355,254,174,13581,62446,238,116,311754,1446909,16,58,221845,4110476,8406,9299,177655,384,2,56,0,1,115,0
Bacteroides_massiliensis_44749,700097688,SRR413651,685,2319546,325336,1509239,252,167,19285,88576,233,99,306051,1420663,19,68,217990,4035767,8232,13136,252055,537,2,66,0,0,99,0
Bacteroides_massiliensis_44749,700097688,donald4-11-30-0_,388,2320736,325451,1509995,129,127,9920,45915,115,51,315531,1464080,14,76,224335,4159409,8496,6932,130498,315,2,74,0,0,51,0
Bacteroides_massiliensis_44749,700098267,700098867,422,2292976,321702,1492057,146,135,3574,16088,108,44,318128,1475969,38,91,225978,4193559,8370,2286,45912,66,2,89,0,0,44,0
Bacteroides_massiliensis_44749,700098267,700105049,913,2295341,321811,1493518,319,266,16155,73763,280,115,305656,1419755,39,151,217494,4033599,8172,11136,209805,348,1,150,0,1,114,0
Bacteroides_massiliensis_44749,700098267,700105882,693,2296510,322031,1494332,244,223,9207,41390,183,84,312824,1452942,61,139,222627,4127910,8289,6049,117893,228,1,138,0,1,83,0
Bacteroides_massiliensis_44749,700098267,700105940,829,2289395,321140,1489708,305,246,16027,72342,252,97,305113,1417366,53,149,217408,4026623,8067,10516,206072,438,3,146,0,0,97,0
Bacteroides_massiliensis_44749,700098267,700107189,1372,2254828,314738,1467099,481,354,33104,153975,424,207,281634,1313124,57,147,202249,3729713,7410,23122,438002,801,1,146,0,0,207,0
Bacteroides_massiliensis_44749,700098267,700164249,820,2295697,321938,1493770,296,220,14005,64532,251,97,307933,1429238,45,123,218993,4060522,8199,9612,183660,324,3,120,0,0,97,0
Bacteroides_massiliensis_44749,700098267,700173320,1222,2292664,321606,1491847,427,334,27407,127749,382,179,294199,1364098,45,155,208946,3875542,7806,19305,363246,696,2,153,0,0,179,0
Bacteroides_massiliensis_44749,700098267,700175331,596,2295299,321811,1493527,194,206,7292,32539,161,81,314519,1460988,33,125,223858,4150739,8367,4716,92748,153,2,123,0,0,81,0
Bacteroides_massiliensis_44749,700098267,ERR912165,471,2285623,320446,1487170,153,168,4939,22059,121,46,315507,1465111,32,122,224351,4162588,8394,3159,62931,87,3,119,0,0,46,0
Bacteroides_massiliensis_44749,700098267,ERR912195,929,2297050,322106,1494665,319,282,16612,76076,278,121,305494,1418589,41,161,217255,4030352,8160,11486,216379,363,3,158,0,1,120,0
Bacteroides_massiliensis_44749,700098267,SRR2822459,435,2294955,321839,1493311,133,163,3547,15946,103,41,318292,1477365,30,122,226247,4197409,8439,2272,45503,63,1,121,0,0,41,0
Bacteroides_massiliensis_44749,700098267,SRR413589,776,2293093,321529,1492092,276,200,14180,65396,241,86,307349,1426696,35,114,218612,4053322,8154,9748,186104,336,2,112,0,0,86,0
Bacteroides_massiliensis_44749,700098867,700105049,629,2302673,322944,1498282,208,201,11979,54761,163,69,310965,1443521,45,132,221027,4101208,8328,8420,155593,270,1,131,0,1,68,0
Bacteroides_massiliensis_44749,700098867,700105882,413,2303759,323151,1499057,136,161,5428,24390,83,42,317723,1474667,53,119,225823,4189748,8430,3639,69375,156,2,117,0,0,42,0
Bacteroides_massiliensis_44749,700098867,700105940,541,2296903,322294,1494610,195,180,12122,54716,144,50,310172,1439894,51,130,220757,4090720,8205,8002,155771,375,3,127,0,0,50,0
Bacteroides_massiliensis_44749,700098867,700107189,1139,2261480,315751,1471430,387,306,30791,143747,336,173,284960,1327683,51,133,204407,3771139,7503,21712,408758,771,1,132,0,0,173,0
Bacteroides_massiliensis_44749,700098867,700164249,536,2302908,323052,1498469,189,158,9901,45602,151,52,313151,1452867,38,106,222565,4127684,8352,6825,129732,249,3,103,0,0,52,0
Bacteroides_massiliensis_44749,700098867,700173320,947,2300241,322758,1496772,320,275,23150,108797,271,133,299608,1387975,49,142,212380,3943577,7968,16719,309060,612,2,140,0,0,133,0
Bacteroides_massiliensis_44749,700098867,700175331,314,2302682,322934,1498321,90,142,3659,16213,60,35,319275,1482108,30,107,226995,4210812,8517,2400,46149,90,1,106,0,0,35,0
Bacteroides_massiliensis_44749,700098867,ERR912165,184,2292708,321540,1491797,43,102,482,2211,14,5,321058,1489586,29,97,227963,4232251,8544,320,6307,6,3,94,0,0,5,0
Bacteroides_massiliensis_44749,700098867,ERR912195,642,2304595,323252,1499593,207,216,12466,57196,164,77,310786,1442397,43,139,220780,4098101,8310,8797,162509,282,3,136,0,1,76,0
Bacteroides_massiliensis_44749,700098867,SRR2822459,152,2302505,322982,1498224,29,95,141,644,7,2,322841,1497580,22,93,229260,4254912,8568,96,1836,0,1,92,0,0,2,0
Bacteroides_massiliensis_44749,700098867,SRR413589,514,2300132,322625,1496654,177,145,10198,47742,153,45,312427,1448912,24,100,221854,4116590,8292,7284,135678,264,2,97,1,0,45,0
Bacteroides_massiliensis_44749,700102299,700105580,81,2313750,324240,1505447,20,51,151,637,8,4,324089,1504810,12,47,230657,4275076,8697,71,1840,0,2,45,0,0,4,0
Bacteroides_massiliensis_44749,700102299,700167759,419,2313553,324394,1505319,155,120,10510,48230,131,45,313884,1457089,24,75,223477,4139426,8364,7109,137296,285,5,70,0,0,45,0
Bacteroides_massiliensis_44749,700102299,SRR341630,409,2285107,319311,1486713,148,121,11262,51514,121,48,308049,1435199,27,73,221003,4076221,8373,7644,146640,258,1,72,0,0,48,0
Bacteroides_massiliensis_44749,700102299,SRR341691,541,2313520,324208,1505294,191,149,7613,34058,169,99,316595,1471236,22,50,225687,4179540,8481,4965,97014,195,1,49,0,1,98,0
Bacteroides_massiliensis_44749,700102299,SRR341709,540,2309170,323586,1502450,190,150,7588,33983,169,94,315998,1468467,21,56,225227,4171672,8502,4961,96790,198,1,55,0,1,93,0
Bacteroides_massiliensis_44749,700102299,SRR341717,546,2313489,324220,1505278,197,151,7613,34098,173,95,316607,1471180,24,56,225653,4179394,8493,4969,97127,198,1,55,0,1,94,0
Bacteroides_massiliensis_44749,700102299,SRR413557,560,2313887,324404,1505555,197,145,15387,69504,174,90,309017,1436051,23,55,220478,4079407,8268,10157,197932,423,1,54,0,0,89,1
Bacteroides_massiliensis_44749,700102299,SRR413566,98,2315453,324535,1506576,26,57,151,659,8,3,324384,1505917,18,54,230784,4278258,8709,75,1902,0,1,53,0,0,3,0
Bacteroides_massiliensis_44749,700102299,SRR413622,528,2316066,324657,1506964,184,147,7454,33384,161,92,317203,1473580,23,55,225983,4186258,8499,4885,95069,198,1,54,0,1,91,0
Bacteroides_massiliensis_44749,700102299,SRR413651,425,2316110,324698,1507011,163,116,10690,49020,139,48,314008,1457991,24,68,223669,4141907,8397,7211,139564,285,1,67,0,0,48,0
Bacteroides_massiliensis_44749,700102299,donald4-11-30-0_,385,2316457,324690,1507214,120,136,3732,16208,100,57,320958,1491006,20,79,228541,4235858,8619,2382,46134,108,1,78,0,0,57,0
Bacteroides_massiliensis_44749,700105049,700105882,539,2308803,323631,1502243,179,184,9402,41958,121,57,314229,1460285,58,127,223833,4148481,8541,6311,119368,195,1,126,0,1,56,0
Bacteroides_massiliensis_44749,700105049,700105940,707,2301557,322717,1497551,245,217,18483,83758,197,89,304234,1413793,48,128,216875,4016239,8265,12520,238298,456,1,127,0,2,87,0
Bacteroides_massiliensis_44749,700105049,700107189,1133,2267358,316361,1475161,378,302,30319,140536,327,180,286042,1334625,51,122,205531,3790679,7665,21314,399553,741,1,121,0,0,180,0
Bacteroides_massiliensis_44749,700105049,700164249,911,2307717,323477,1501505,327,244,19522,89503,275,105,303955,1412002,52,139,216482,4011259,8265,13571,254455,483,2,137,0,1,104,0
Bacteroides_massiliensis_44749,700105049,700173320,943,2303563,322978,1498849,321,271,22552,104291,276,127,300426,1394558,45,144,213700,3961847,8127,15904,296402,567,2,142,0,0,127,0
Bacteroides_massiliensis_44749,700105049,700175331,581,2307372,323343,1501287,180,201,11832,53200,144,72,311511,1448087,36,129,222011,4113799,8451,8031,151287,282,1,128,0,1,71,0
Bacteroides_massiliensis_44749,700105049,ERR912165,648,2297117,321898,1494565,210,219,11001,50173,165,70,310897,1444392,45,149,221213,4103548,8415,7696,142562,261,2,147,0,1,69,0
Bacteroides_massiliensis_44749,700105049,ERR912195,97,2309020,323636,1502352,21,62,49,224,4,1,323587,1502128,17,61,230145,4267485,8754,29,643,0,1,60,0,0,1,0
Bacteroides_massiliensis_44749,700105049,SRR2822459,654,2306924,323382,1501002,201,229,11068,50466,162,73,312314,1450536,39,156,222213,4120956,8439,7740,143394,264,0,156,0,1,72,0
Bacteroides_massiliensis_44749,700105049,SRR413589,889,2304265,322965,1499240,316,233,20573,95171,280,102,302392,1404069,36,131,215119,3988907,8181,14587,270413,513,1,129,1,1,101,0
Bacteroides_massiliensis_44749,700105580,700167759,430,2312980,324218,1504943,156,126,10580,48633,133,46,313638,1456310,23,80,223397,4137100,8433,7197,138408,294,6,74,0,0,46,0
Bacteroides_massiliensis_44749,700105580,SRR341630,405,2284933,319231,1486581,139,127,10869,49809,114,48,308362,1436772,25,79,221265,4080615,8436,7416,141753,258,1,78,0,0,48,0
Bacteroides_massiliensis_44749,700105580,SRR341691,528,2312992,324040,1504954,181,150,7414,33211,160,93,316626,1471743,21,57,225793,4180874,8562,4872,94554,207,1,56,0,1,92,0
Bacteroides_massiliensis_44749,700105580,SRR341709,529,2308665,323432,1502129,181,151,7376,33099,160,89,316056,1469030,21,62,225336,4173177,8577,4866,94227,204,1,61,0,1,88,0
Bacteroides_massiliensis_44749,700105580,SRR341717,532,2312801,324044,1504824,187,151,7398,33156,164,90,316646,1471668,23,61,225752,4180678,8574,4869,94401,198,1,60,0,1,89,0
Bacteroides_massiliensis_44749,700105580,SRR413557,565,2313158,324213,1505083,191,152,16128,73292,168,91,308085,1431791,23,61,219877,4067144,8352,10743,208707,426,2,59,0,0,90,1
Bacteroides_massiliensis_44749,700105580,SRR413622,546,2315230,324441,1506419,189,155,7501,33594,168,91,316940,1472825,21,64,225928,4183973,8574,4915,95663,204,2,62,0,1,90,0
Bacteroides_massiliensis_44749,700105580,SRR413651,420,2315315,324500,1506491,155,121,10579,48622,133,48,313921,1457869,22,73,223664,4141474,8469,7196,138376,294,2,71,0,0,48,0
Bacteroides_massiliensis_44749,700105580,donald4-11-30-0_,383,2316134,324554,1507003,111,146,3521,15242,91,54,321033,1491761,20,92,228682,4237901,8700,2262,43356,108,2,90,0,0,54,0
Bacteroides_massiliensis_44749,700105882,700105940,464,2303196,323029,1498661,161,168,9038,40359,98,37,313991,1458302,63,131,223648,4142798,8460,5820,114996,261,3,128,0,0,37,0
Bacteroides_massiliensis_44749,700105882,700107189,1144,2267510,316435,1475304,396,310,32432,152326,328,180,284003,1322978,68,130,203895,3757464,7575,22935,433239,804,1,129,0,0,180,0
Bacteroides_massiliensis_44749,700105882,700164249,662,2309074,323739,1502450,238,199,12871,59078,177,72,310868,1443372,61,127,221165,4100551,8400,8954,167947,333,3,124,0,0,72,0
Bacteroides_massiliensis_44749,700105882,700173320,895,2304557,323190,1499566,310,268,20129,93477,250,124,303061,1406089,60,144,215411,3994705,8151,14225,265696,510,2,142,0,0,124,0
Bacteroides_massiliensis_44749,700105882,700175331,275,2308625,323606,1502163,66,148,1917,8916,26,13,321689,1493247,40,135,228729,4242354,8658,1358,25321,69,2,133,0,0,13,0
Bacteroides_massiliensis_44749,700105882,ERR912165,404,2298021,322102,1495209,123,172,4976,22333,72,42,317126,1472876,51,130,225580,4184534,8514,3346,63503,150,2,128,0,1,41,0
Bacteroides_massiliensis_44749,700105882,ERR912195,558,2309783,323804,1502915,185,195,10020,45034,129,66,313784,1457881,56,129,223398,4141725,8520,6787,128108,207,2,127,0,1,65,0
Bacteroides_massiliensis_44749,700105882,SRR2822459,430,2308357,323649,1501984,123,190,5287,23761,77,42,318362,1478223,46,148,226469,4199653,8547,3554,67573,156,1,147,0,0,42,0
Bacteroides_massiliensis_44749,700105882,SRR413589,644,2305344,323183,1499998,222,192,12609,58597,178,64,310574,1441401,44,128,220800,4095072,8331,8954,166492,345,2,125,1,0,64,0
Bacteroides_massiliensis_44749,700105940,700107189,1238,2260126,315486,1470522,445,325,36993,171411,378,182,278493,1299111,67,143,200305,3689597,7431,25742,487546,945,2,141,0,0,182,0
Bacteroides_massiliensis_44749,700105940,700164249,794,2301969,322856,1497841,301,219,18704,85366,241,81,304152,1412475,60,138,216724,4012502,8199,12644,242929,525,4,134,0,0,81,0
Bacteroides_massiliensis_44749,700105940,700173320,1051,2297539,322307,1495015,376,295,27810,128584,322,146,294497,1366431,54,149,209561,3881818,7914,19335,365679,738,3,146,0,0,146,0
Bacteroides_massiliensis_44749,700105940,700175331,507,2301443,322681,1497519,164,185,11200,50499,120,47,311481,1447020,44,138,221957,4110736,8367,7382,143764,351,3,135,0,0,47,0
Bacteroides_massiliensis_44749,700105940,ERR912165,527,2291072,321230,1490704,181,190,11414,51439,129,53,309816,1439265,52,137,220667,4088827,8301,7532,146428,357,3,134,0,1,52,0
Bacteroides_massiliensis_44749,700105940,ERR912195,727,2302770,322932,1498370,252,232,17363,78670,199,92,305569,1419700,53,140,217768,4033037,8295,11686,223904,420,3,137,0,1,91,0
Bacteroides_massiliensis_44749,700105940,SRR2822459,553,2300946,322730,1497191,182,203,11787,53162,137,52,310943,1444029,45,151,221465,4102303,8319,7790,151336,360,2,149,0,0,52,0
Bacteroides_massiliensis_44749,700105940,SRR413589,774,2298415,322314,1495512,287,210,19312,88592,243,76,303002,1406920,44,134,215860,3996797,8103,13158,252054,564,3,130,1,0,76,0
Bacteroides_massiliensis_44749,700106229,SRR341650,1167,2271374,317056,1477567,418,300,38791,179815,379,180,278265,1297752,39,120,199770,3685761,7725,27740,510712,993,0,120,0,2,178,0
Bacteroides_massiliensis_44749,700106229,SRR413562,1530,2315968,324714,1506838,528,406,59523,273081,494,291,265191,1233757,34,115,189165,3504843,7263,41637,776061,1545,1,114,0,3,288,0
Bacteroides_massiliensis_44749,700106229,SRR413565,141,2322276,325603,1510962,28,84,361,1665,12,1,325242,1509297,16,83,231249,4287816,8826,223,4769,3,0,83,0,0,1,0
Bacteroides_massiliensis_44749,700107189,700164249,1397,2266332,316264,1474509,499,350,39420,183136,438,199,276844,1291373,61,151,199074,3667662,7383,27635,520768,1005,2,149,0,0,199,0
Bacteroides_massiliensis_44749,700107189,700173320,1342,2262590,315827,1472140,445,371,48625,228246,402,241,267202,1243894,43,130,191632,3532946,7104,34685,648802,1251,1,129,0,0,241,0
Bacteroides_massiliensis_44749,700107189,700175331,1185,2266203,316172,1474450,399,323,33764,156721,358,195,282408,1317729,41,128,203060,3742573,7554,23654,445672,837,1,127,0,0,195,0
Bacteroides_massiliensis_44749,700107189,ERR912165,1173,2256731,314872,1468236,396,324,30818,144157,340,174,284054,1324079,56,150,203859,3760812,7566,21765,409941,765,1,149,0,1,173,0
Bacteroides_massiliensis_44749,700107189,ERR912195,1161,2267412,316379,1475219,390,315,31854,148243,337,194,284525,1326976,53,121,204315,3768993,7620,22498,421454,777,2,119,0,0,194,0
Bacteroides_massiliensis_44749,700107189,SRR2822459,1161,2265752,316204,1474150,378,336,30348,141802,328,177,285856,1332348,50,159,205189,3784280,7575,21433,403202,771,0,159,0,0,177,0
Bacteroides_massiliensis_44749,700107189,SRR413589,1376,2263391,315813,1472589,487,335,40080,186979,437,196,275733,1285610,50,139,198080,3651412,7338,28344,531582,1011,1,137,1,0,196,0
Bacteroides_massiliensis_44749,700116028,SRR413623,2240,2317890,324988,1508151,867,515,83526,387562,814,406,241462,1120589,53,109,172261,3182897,6609,58730,1101763,2193,1,108,0,0,406,0
Bacteroides_massiliensis_44749,700164249,700173320,1154,2303632,323078,1498924,403,315,28443,132603,362,166,294635,1366321,41,149,209137,3881885,7941,20411,376657,741,3,146,0,0,166,0
Bacteroides_massiliensis_44749,700164249,700175331,566,2307390,323422,1501349,188,187,10530,48259,148,63,312892,1453090,40,124,222717,4128081,8472,7254,137262,261,4,120,0,0,63,0
Bacteroides_massiliensis_44749,700164249,ERR912165,534,2297234,321997,1494656,178,169,9840,45307,140,57,312157,1449349,38,112,222074,4117540,8433,6789,128877,255,4,108,0,1,56,0
Bacteroides_massiliensis_44749,700164249,ERR912195,937,2308741,323676,1502193,336,259,20912,96389,282,115,302764,1405804,54,144,215483,3993706,8223,14612,274039,516,3,141,0,1,114,0
Bacteroides_massiliensis_44749,700164249,SRR2822459,544,2307016,323473,1501085,174,183,9733,44915,142,56,313740,1456170,32,127,223174,4136882,8454,6745,127751,249,2,125,0,0,56,0
Bacteroides_massiliensis_44749,700167759,SRR341630,182,2286476,319667,1487578,49,77,3860,17586,32,18,315807,1469992,17,59,226096,4175279,8601,2601,50088,69,4,55,0,0,18,0
Bacteroides_massiliensis_44749,700167759,SRR341691,661,2315608,324695,1506627,234,180,14548,66061,213,112,310147,1440566,21,68,221022,4092357,8319,9731,188038,414,4,64,0,2,110,0
Bacteroides_massiliensis_44749,700167759,SRR341709,659,2311172,324067,1503732,235,180,13923,63248,209,109,310144,1440484,26,71,220969,4092131,8352,9323,180031,390,3,68,0,2,107,0
Bacteroides_massiliensis_44749,700167759,SRR341717,667,2315670,324748,1506659,240,183,14448,65639,215,110,310300,1441020,25,73,221045,4093690,8325,9688,186818,411,4,69,0,2,108,0
Bacteroides_massiliensis_44749,700167759,SRR413557,722,2315914,324894,1506848,265,177,19258,87418,240,104,305636,1419430,25,73,217715,4032370,8205,13019,248698,537,3,70,0,1,102,1
Bacteroides_massiliensis_44749,700167759,SRR413566,407,2316628,324917,1507328,151,117,10840,49760,132,46,314077,1457568,19,71,223519,4140743,8442,7341,141636,303,4,67,0,0,46,0
Bacteroides_massiliensis_44749,700167759,SRR413622,662,2318174,325180,1508320,235,178,14461,65647,212,109,310719,1442673,23,69,221287,4098401,8331,9670,186860,411,3,66,0,2,107,0
Bacteroides_massiliensis_44749,700167759,donald4-11-30-0_,680,2317839,325084,1508104,237,196,13663,61715,215,100,311421,1446389,22,96,221865,4108917,8385,9091,175670,384,3,93,0,1,99,0
Bacteroides_massiliensis_44749,700172621,SRR341725,690,2315652,324657,1506669,238,186,11779,53910,195,95,312878,1452759,43,91,222739,4127072,8466,8110,153293,327,5,86,0,1,94,0
Bacteroides_massiliensis_44749,700172621,SRR413585,1041,2320650,325417,1509889,367,296,25552,116570,306,173,299865,1393319,61,123,213796,3958019,8142,17503,331553,654,3,120,0,0,173,0
Bacteroides_massiliensis_44749,700172621,SRR413600,801,2300937,322662,1497132,279,230,14796,67306,228,114,307866,1429826,51,116,219234,4061910,8334,10044,191514,360,4,112,0,0,114,0
Bacteroides_massiliensis_44749,700172621,SRR413621,986,2322429,325694,1511064,342,288,26403,120065,290,163,299291,1390999,52,125,213451,3951383,8163,18003,341541,651,3,121,1,0,163,0
Bacteroides_massiliensis_44749,700172621,SRR413653,875,2318387,325104,1508457,302,248,15758,71810,245,134,309346,1436647,57,114,220315,4081238,8388,10734,204291,405,3,111,0,0,134,0
Bacteroides_massiliensis_44749,700173320,700175331,949,2303509,322965,1498863,317,285,23260,107868,287,136,299705,1390995,30,149,213149,3951766,8070,16417,306581,606,2,147,0,0,136,0
Bacteroides_massiliensis_44749,700173320,ERR912165,955,2293053,321498,1492009,316,293,21898,103144,275,136,299600,1388865,41,157,212529,3946017,8049,15864,292986,582,2,155,0,1,135,0
Bacteroides_massiliensis_44749,700173320,ERR912195,996,2305681,323329,1500268,337,295,23635,109551,291,143,299694,1390717,46,152,213055,3950996,8100,16656,311403,594,3,149,0,0,143,0
Bacteroides_massiliensis_44749,700173320,SRR2822459,978,2303661,323103,1498963,313,302,22415,105567,278,143,300688,1393396,35,159,213323,3958813,8052,16179,299922,600,1,158,0,0,143,0
Bacteroides_massiliensis_44749,700173320,SRR413589,1158,2301215,322700,1497336,394,309,28008,130793,355,159,294692,1366543,39,150,209211,3882516,7902,20077,371561,741,2,147,1,0,159,0
Bacteroides_massiliensis_44749,700175331,ERR912165,302,2296938,321867,1494498,76,153,3247,14318,49,32,318620,1480180,27,121,226687,4205264,8589,2147,40723,84,2,119,0,1,31,0
Bacteroides_massiliensis_44749,700175331,ERR912195,602,2308438,323554,1502018,186,217,11787,53145,149,80,311767,1448873,37,137,222064,4116101,8454,8012,151150,273,2,135,0,1,79,0
Bacteroides_massiliensis_44749,700175331,SRR2822459,324,2306722,323357,1500924,78,163,3649,16181,56,37,319708,1484743,22,126,227475,4218156,8598,2417,46036,90,1,125,0,0,37,0
Bacteroides_massiliensis_44749,700175331,SRR413589,547,2304227,322953,1499264,175,176,10837,50483,151,58,312116,1448781,24,118,221929,4116014,8400,7732,143438,279,2,115,1,0,58,0
Bacteroides_massiliensis_44749,ERR912165,ERR912195,664,2299119,322246,1495924,212,232,10917,49925,165,77,311329,1445999,47,155,221415,4108170,8412,7629,141888,258,4,151,0,1,76,0
Bacteroides_massiliensis_44749,SRR2822459,ERR912165,204,2296305,321881,1494080,31,127,412,1910,9,1,321469,1492170,22,126,228484,4239386,8640,281,5443,6,2,124,0,0,1,0
Bacteroides_massiliensis_44749,SRR2822459,ERR912195,667,2309163,323740,1502514,205,240,11448,52484,163,80,312292,1450030,42,160,222034,4119632,8424,8064,149112,276,1,159,0,1,79,0
Bacteroides_massiliensis_44749,SRR2822459,SRR413589,520,2304927,323132,1499727,159,171,10053,47085,142,50,313079,1452642,17,121,222496,4127030,8400,7206,133785,264,1,119,1,0,50,0
Bacteroides_massiliensis_44749,SRR341630,SRR341691,631,2288223,319777,1488709,221,177,15052,68491,198,113,304725,1420218,23,64,218697,4033662,8295,10217,194842,414,0,64,0,1,112,0
Bacteroides_massiliensis_44749,SRR341630,SRR341709,636,2283887,319158,1485894,221,181,14700,66861,196,107,304458,1419033,25,74,218457,4030299,8343,10007,190183,393,0,74,0,1,106,0
Bacteroides_massiliensis_44749,SRR341630,SRR341717,634,2287975,319761,1488547,226,179,14241,64728,195,105,305520,1423819,31,74,219211,4043900,8346,9666,184146,372,0,74,0,1,104,0
Bacteroides_massiliensis_44749,SRR341630,SRR413557,695,2287068,319711,1487966,253,166,24569,112257,233,106,295142,1375709,20,60,212020,3907043,8064,16739,319372,660,0,60,0,0,105,1
Bacteroides_massiliensis_44749,SRR341630,SRR413566,376,2288338,319817,1488801,133,114,11127,50971,113,44,308690,1437830,20,70,221369,4083664,8457,7575,145065,273,0,70,0,0,44,0
Bacteroides_massiliensis_44749,SRR341630,SRR413622,650,2289681,320036,1489674,229,182,14602,66358,200,104,305434,1423316,29,78,219122,4042471,8355,9911,188785,378,0,78,0,1,103,0
Bacteroides_massiliensis_44749,SRR341630,SRR413651,168,2289793,320082,1489754,49,68,3866,17614,32,16,316216,1472140,17,52,226435,4181336,8649,2608,50165,69,0,52,0,0,16,0
Bacteroides_massiliensis_44749,SRR341630,donald4-11-30-0_,616,2289021,319911,1489240,207,188,14390,65329,183,94,305521,1423911,24,94,219239,4044139,8355,9757,185834,396,0,94,0,0,94,0
Bacteroides_massiliensis_44749,SRR341650,SRR413562,833,2266815,316438,1474598,288,234,20620,94361,232,130,295818,1380237,56,104,212774,3919765,8172,14231,268324,528,1,103,0,1,129,0
Bacteroides_massiliensis_44749,SRR341650,SRR413565,1132,2271185,317022,1477468,407,289,35645,165296,361,163,281377,1312172,46,126,202044,3726675,7797,25441,469526,921,0,126,0,2,161,0
Bacteroides_massiliensis_44749,SRR341691,SRR413557,776,2316115,324732,1506991,266,202,19000,86891,250,151,305732,1420100,16,51,217950,4034118,8232,12869,247246,558,1,50,0,1,149,1
Bacteroides_massiliensis_44749,SRR341691,SRR413566,502,2317231,324808,1507709,170,142,7743,34756,155,93,317065,1472953,15,49,225876,4184406,8577,5117,98929,222,1,48,0,1,92,0
Bacteroides_massiliensis_44749,SRR341691,SRR413622,46,2319302,325132,1509043,14,21,91,412,8,1,325041,1508631,6,20,231098,4285984,8811,51,1185,0,1,19,0,0,1,0
Bacteroides_massiliensis_44749,SRR341691,SRR413651,644,2318809,325091,1508747,230,172,14083,63993,208,105,311008,1444754,22,67,221672,4104208,8382,9432,182154,393,1,66,0,1,104,0
Bacteroides_massiliensis_44749,SRR341691,donald4-11-30-0_,642,2318562,324975,1508556,217,187,7720,34461,199,112,317255,1474095,18,75,226034,4187641,8610,5085,98091,207,1,74,0,1,111,0
Bacteroides_massiliensis_44749,SRR341699,SRR413658,700,2274001,318811,1479620,294,156,18577,83680,268,112,300234,1395940,26,44,213791,3965917,8112,12724,237824,492,1,43,0,0,112,0
Bacteroides_massiliensis_44749,SRR341700,SRR413658,707,2274364,318856,1479894,292,160,18677,84138,264,116,300179,1395756,28,44,213758,3965383,8127,12812,239122,480,1,43,0,0,116,0
Bacteroides_massiliensis_44749,SRR341709,SRR413557,773,2311778,324108,1504145,265,201,17830,81546,247,150,306278,1422599,18,51,218268,4041219,8310,12081,232056,501,0,51,0,1,148,1
Bacteroides_massiliensis_44749,SRR341709,SRR413566,499,2312968,324211,1504924,169,141,7706,34637,155,89,316505,1470287,14,52,225418,4176836,8607,5115,98583,213,0,52,0,1,88,0
Bacteroides_massiliensis_44749,SRR341709,SRR413622,51,2314949,324526,1506200,13,24,91,412,8,1,324435,1505788,5,23,230629,4277906,8829,51,1185,0,0,23,0,0,1,0
Bacteroides_massiliensis_44749,SRR341709,SRR413651,641,2314348,324471,1505824,230,172,13956,63443,207,106,310515,1442381,23,66,221269,4097474,8400,9364,180575,390,0,66,0,1,105,0
Bacteroides_massiliensis_44749,SRR341709,donald4-11-30-0_,639,2314155,324361,1505684,216,185,7681,34332,199,108,316680,1471352,17,77,225555,4179867,8634,5082,97710,204,0,77,0,1,107,0
Bacteroides_massiliensis_44749,SRR341714,SRR413577,542,2309794,323652,1502792,176,152,6938,31163,152,90,316714,1471629,24,62,225587,4180708,8592,4631,88663,195,1,61,0,0,90,0
Bacteroides_massiliensis_44749,SRR341717,SRR413557,782,2315881,324727,1506821,271,204,19012,86948,252,149,305715,1419873,19,55,217882,4033505,8232,12887,247399,558,1,54,0,1,147,1
Bacteroides_massiliensis_44749,SRR341717,SRR413566,506,2317125,324825,1507655,176,144,7738,34756,159,90,317087,1472899,17,54,225827,4184278,8592,5118,98931,219,1,53,0,1,89,0
Bacteroides_massiliensis_44749,SRR341717,SRR413622,50,2319037,325123,1508859,16,24,91,410,8,1,325032,1508449,8,23,231053,4285474,8820,51,1179,0,1,22,0,0,1,0
Bacteroides_massiliensis_44749,SRR341717,SRR413651,648,2318361,325051,1508452,236,174,13972,63513,210,105,311079,1444939,26,69,221681,4104751,8385,9359,180790,390,1,68,0,1,104,0
Bacteroides_massiliensis_44749,SRR341717,donald4-11-30-0_,645,2318122,324952,1508260,223,188,7702,34400,203,109,317250,1473860,20,79,225966,4186989,8625,5080,97922,198,1,78,0,1,108,0
Bacteroides_massiliensis_44749,SRR341725,SRR413585,1333,2313137,324259,1505028,477,340,34354,157351,419,224,289905,1347677,58,116,206839,3828332,7860,23747,447406,900,1,115,0,2,222,0
Bacteroides_massiliensis_44749,SRR341725,SRR413600,987,2293679,321570,1492423,362,255,22092,101238,307,139,299478,1391185,55,116,213288,3952158,8109,15300,287865,549,3,113,0,1,138,0
Bacteroides_massiliensis_44749,SRR341725,SRR413621,1287,2314832,324524,1506141,463,330,35444,161893,410,209,289080,1344248,53,121,206334,3818529,7881,24404,460369,906,1,119,1,2,207,0
Bacteroides_massiliensis_44749,SRR341725,SRR413653,1057,2310879,323967,1503595,382,273,23105,106230,323,158,300862,1397365,59,115,214224,3969702,8169,16106,301987,597,2,113,0,1,157,0
Bacteroides_massiliensis_44749,SRR413557,SRR413566,535,2317771,325040,1508083,186,138,14466,65561,174,86,310574,1442522,12,52,221269,4097903,8394,9703,186563,417,0,52,0,0,85,1
Bacteroides_massiliensis_44749,SRR413557,SRR413622,774,2318623,325199,1508626,269,194,18196,83203,246,145,307003,1425423,23,49,218660,4049329,8280,12358,236726,525,0,49,0,1,143,1
Bacteroides_massiliensis_44749,SRR413557,SRR413651,719,2319040,325283,1508909,266,172,22606,103205,243,107,302677,1405704,23,65,215652,3993321,8139,15408,293562,645,0,65,0,0,106,1
Bacteroides_massiliensis_44749,SRR413557,donald4-11-30-0_,756,2318432,325130,1508513,241,217,15884,71831,222,137,309246,1436682,19,80,220450,4081217,8379,10585,204464,444,0,80,0,0,136,1
Bacteroides_massiliensis_44749,SRR413562,SRR413565,1504,2315793,324692,1506753,518,399,56361,259064,482,278,268331,1247689,36,121,191262,3544470,7335,39498,736224,1470,1,120,0,3,275,0
Bacteroides_massiliensis_44749,SRR413566,SRR413622,515,2320074,325315,1509566,178,143,7837,35178,163,91,317478,1474388,15,52,226058,4188505,8601,5161,100154,219,0,52,0,1,90,0
Bacteroides_massiliensis_44749,SRR413566,SRR413651,394,2320086,325350,1509590,150,109,10869,49879,132,46,314481,1459711,18,63,223870,4146773,8490,7353,141981,303,0,63,0,0,46,0
Bacteroides_massiliensis_44749,SRR413566,donald4-11-30-0_,350,2319912,325256,1509463,102,132,3581,15543,87,54,321675,1493920,15,78,228925,4244105,8730,2318,44200,111,0,78,0,0,54,0
Bacteroides_massiliensis_44749,SRR413585,SRR413600,604,2300376,322542,1496744,215,153,15288,69298,193,102,307254,1427446,22,51,218929,4055081,8328,10296,197241,357,1,50,0,0,102,0
Bacteroides_massiliensis_44749,SRR413585,SRR413621,156,2322117,325614,1510839,38,67,2578,11807,21,8,323036,1499032,17,59,229582,4258766,8748,1837,33533,51,0,58,1,0,8,0
Bacteroides_massiliensis_44749,SRR413585,SRR413653,636,2317415,324933,1507782,219,164,15327,69442,194,99,309606,1438340,25,65,220618,4085981,8421,10325,197644,357,0,65,0,0,99,0
Bacteroides_massiliensis_44749,SRR413587,ERR912059,298,2290415,321176,1490260,96,140,1921,8750,29,5,319255,1481510,67,135,226962,4208928,8640,1250,24964,36,1,133,1,0,5,0
Bacteroides_massiliensis_44749,SRR413589,ERR912165,499,2294660,321613,1492983,163,154,10187,47696,142,50,311426,1445287,21,104,221324,4106167,8370,7288,135527,273,2,101,1,1,49,0
Bacteroides_massiliensis_44749,SRR413589,ERR912195,916,2307546,323471,1501437,325,246,22060,102453,288,112,301411,1398984,37,134,214255,3974543,8154,15695,291124,540,3,130,1,1,111,0
Bacteroides_massiliensis_44749,SRR413600,SRR413621,544,2301635,322745,1497553,187,145,13700,62078,174,89,309045,1435475,13,56,220125,4077927,8373,9200,176707,327,1,54,1,0,89,0
Bacteroides_massiliensis_44749,SRR413600,SRR413653,98,2297804,322218,1495085,21,50,119,599,2,0,322099,1494486,19,50,228803,4245976,8679,119,1678,0,1,49,0,0,0,0
Bacteroides_massiliensis_44749,SRR413621,SRR413653,575,2319279,325223,1509013,196,153,13922,63075,178,89,311301,1445938,18,64,221736,4107603,8475,9368,179530,327,0,63,1,0,89,0
Bacteroides_massiliensis_44749,SRR413622,SRR413651,660,2321357,325558,1510412,239,173,14085,63933,215,104,311473,1446479,24,69,221906,4109128,8403,9401,182008,390,0,69,0,1,103,0
Bacteroides_massiliensis_44749,SRR413622,donald4-11-30-0_,656,2320873,325416,1510079,225,188,7790,34784,207,110,317626,1475295,18,78,226163,4191085,8637,5118,99036,198,0,78,0,1,109,0
Bacteroides_massiliensis_44749,SRR413651,donald4-11-30-0_,661,2320499,325404,1509858,233,187,13702,61927,212,98,311702,1447931,21,89,222115,4113254,8424,9132,176265,384,0,89,0,0,98,0
